XB019002|XD004001|YA204002|YA405001|YB001002|YB002002|YD003002|YF007001|YF017001
300000|300000|12000|3000|2200|2800|6000|60000|5000
300000|250000|12000|3000|2200|2800|6000|60000|5000
300000|250000|12000|3000|2200|2800|6000|60000|5000
300000|500000|12000|5000|2500|2800|6000|60000|5000
300000|500000|12000|5000|2500|2800|6000|60000|5000
300000|500000|12000|5000|2600|2800|6000|60000|5000
300000|500000|12000|5000|2600|2800|6000|60000|5000

XD004001|XD008001|YA403001|YA405001|YA408001|YB001002|YC001003|YF005001|YF007001|YF018001|YF019001|YG012001
300000|3000|15000|1000|1000|3000|3000000|50000|5000|50000|70000|10000
250000|3000|15000|1000|1000|3000|3000000|50000|5000|50000|75000|10000
250000|3000|15000|1500|1000|3000|3000000|50000|5000|50000|75000|10000
250000|4000|15000|1500|1000|2500|3000000|50000|5000|50000|75000|10000
250000|4000|15000|1500|1000|2500|3000000|50000|5000|50000|75000|10000
250000|4000|15000|1500|1000|2600|3000000|50000|5000|50000|75000|10000
250000|4000|15000|1500|1000|2600|3000000|50000|5000|50000|75000|10000

XD004001|XD008001|YA405001|YA408001|YB006001|YB007001|YF005001|YF006001|YF007001|YF018001|YF019001|YF605001|YG012001|ZA501103
300000|3000|15000|10000|3000|20000|50000|75000|50000|100000|55000|1000|10000|20000
250000|3000|15000|10000|2500|20000|50000|75000|50000|100000|60000|1000|10000|20000
250000|4000|15000|10000|3000|20000|50000|75000|50000|100000|60000|1000|10000|20000
250000|4000|15000|10000|3000|20000|50000|75000|50000|100000|60000|1000|10000|20000
250000|4000|15000|10000|3000|20000|50000|75000|50000|100000|60000|1000|10000|20000
250000|4000|15000|10000|3000|20000|50000|75000|50000|100000|60000|1000|10000|20000
250000|4000|15000|10000|3000|20000|50000|75000|50000|100000|60000|1000|10000|20000

TA014001|TA019003|TA033001|UA013001|UA018003|UA022001|UB001002|UB002002|UB110001|UB202002|UD003002|UE005001|UE007001|UE032001|UE605001|UG003001|UG004001|UH601101
21000|47000|18000|1600|3600|3000|2600|2800|14000|6100|6000|1000000|60000|150000|22500|17000|8000|125000
17000|47000|19000|1800|3600|3000|2600|2800|14000|6100|6000|1000000|60000|150000|22500|17000|8000|125000
17000|47000|17000|1800|3600|3000|2600|2800|14000|6100|6000|1000000|60000|150000|22500|17000|8000|125000
18000|48000|18000|1800|3600|3000|2600|2800|14000|6100|6000|1000000|60000|150000|22500|17000|5000|125000
17000|48000|17000|1800|3600|3000|2600|2800|14000|6100|6000|1000000|60000|150000|22500|17000|5000|125000
17500|46000|16000|1800|3600|3000|2600|2800|14000|6100|6000|1000000|60000|150000|22500|17000|5000|125000
18000|46000|17000|1800|3600|3000|2600|2800|14000|6100|6000|1000000|60000|150000|22500|17000|5000|125000

TA014001|TA019003|TA033001|UA013001|UA018003|UA022001|UB001002|UB002002|UB061001|UB113001|UB266001|UC602001|UH601101
21000|45000|19000|1600|3600|3000|2600|2800|2800|95000|9000|20000|250000
17000|45000|18000|1800|3600|3000|2600|2800|2800|95000|9000|20000|250000
17000|45000|18000|1800|3600|3000|2600|2800|2800|95000|9000|20000|250000
17000|40000|17000|2000|3600|3000|2600|2800|2800|95000|9000|20000|200000
18000|40000|17000|2000|3600|3000|2600|2800|2800|95000|9000|20000|200000
17500|40000|16000|2000|3600|3000|2600|2700|2800|95000|9000|20000|200000
18000|40000|17000|2000|3600|3000|2600|2700|2800|95000|9000|20000|200000

TA014001|TA019003|TA033001|UA013001|UA018003|UA022001|UB001002|UB002002|UB102001|UB104001|UB105001|UB110001|UB202002|UB266001|UC602001|UD003002|UE005001|UE007001|UE008002|UE028001|UE032001|UE605001|UG003001|UG004001|UH201101|UH301101|UH401101|UH501101|UH601101
21000|45000|19000|2000|3400|3000|2600|2800|100000|20000|175000|17000|11700|13600|150000|6000|1000000|60000|450000|3500000|150000|22500|17000|8000|150000|150000|150000|150000|150000
21000|45000|18000|2000|3400|3000|2600|2800|100000|20000|175000|17000|11700|13600|150000|6000|1000000|60000|450000|3500000|150000|22500|17000|8000|150000|150000|150000|150000|150000
17000|45000|18000|2000|3400|3000|2600|2800|100000|20000|175000|17000|11600|13700|150000|6000|1000000|60000|450000|3500000|150000|22500|17000|8000|150000|150000|150000|150000|150000
17000|48000|18000|1800|3600|3000|2600|2800|100000|20000|175000|17000|11500|13700|150000|6000|1000000|60000|450000|3500000|150000|22500|17000|8000|150000|150000|150000|150000|150000
20000|48000|18000|1800|3600|3000|2600|2800|100000|20000|175000|17000|11500|13700|150000|6000|1000000|60000|450000|3500000|150000|22500|17000|8000|150000|150000|150000|150000|150000
19000|47000|17000|1800|3800|3000|2600|2800|100000|20000|175000|17000|11500|13700|150000|6000|1000000|60000|450000|3500000|150000|22500|17000|8000|150000|150000|150000|150000|150000
20000|48000|17000|1800|3800|3000|2600|2800|100000|20000|175000|17000|11500|13700|150000|6000|1000000|60000|450000|3500000|150000|22500|17000|8000|150000|150000|150000|150000|150000

IA003006|JA102004|JB001002|JB002002|JB006001|JB101003|JB102001|JB102002|JB103003|JC007001|JF002001|JF005001|JF007001|JF019001|JF034001|KA301103|KA401103|KA501103|KA911103
500000|17000|2600|2800|2800|180000|180000|110000|12000|1050000|2000|150000|75000|20000|550000|2625000|2100000|2450000|2450000
470000|17000|2600|2800|2800|180000|180000|110000|12000|1050000|2000|150000|75000|20000|550000|2625000|2100000|2450000|2450000
470000|17000|2600|2800|2800|180000|180000|110000|12000|1050000|2000|150000|75000|20000|550000|2625000|2100000|2450000|2450000
450000|17000|2500|2700|2700|180000|180000|110000|12000|1050000|2000|150000|75000|20000|550000|2625000|2100000|2450000|2450000
450000|17000|2500|2700|2700|180000|180000|110000|12000|1050000|2000|150000|75000|20000|500000|2625000|2100000|2450000|2450000
480000|18000|2500|2700|2700|180000|180000|110000|12000|1000000|2000|150000|75000|20000|500000|2625000|2100000|2450000|2450000
430000|17000|2600|2600|2600|180000|180000|110000|12000|1000000|2000|150000|75000|20000|500000|2625000|2100000|2450000|2450000

IA003006|JA102004|JB001002|JB001003|JB002002|JB005001|JB006001|JB101003|JB102002|JB102003|JB103001|JB103003|JB105003|JC007002|JC009001|JF002002|JF005002|JF007001|JF019001|JF034001|JG003001|JG005001|JG006001|KA301102|KA401102|KA501102|KA701101|KA911101
500000|8000|3000|18000|2800|7000|3000|8000|188000|75000|110000|12000|45000|700000|100000|2000|150000|75000|20000|500000|1000000|600000|140000|75000|75000|75000|100000|75000
470000|8000|3000|18000|2800|7000|3000|8000|235000|75000|110000|12000|45000|700000|100000|2000|150000|75000|20000|500000|1000000|600000|140000|75000|75000|75000|100000|75000
470000|8000|3000|18000|2800|7000|3000|8000|235000|75000|110000|12000|45000|700000|100000|2000|150000|75000|20000|500000|1000000|600000|140000|75000|75000|75000|100000|75000
450000|8000|2500|15000|3000|7500|3000|8000|235000|75000|110000|12000|40000|600000|100000|2000|150000|75000|20000|500000|600000|700000|100000|75000|75000|75000|100000|75000
480000|8000|2500|15000|2600|8000|2600|12000|235000|75000|130000|13000|40000|600000|100000|2000|150000|75000|20000|500000|800000|850000|100000|80000|80000|80000|100000|75000
480000|8000|2500|15000|2600|8000|2600|12000|235000|75000|130000|13000|40000|600000|100000|2000|150000|75000|20000|500000|500000|750000|100000|75000|80000|80000|150000|100000
480000|8000|2600|16000|2600|8000|2600|12000|235000|75000|130000|13000|40000|600000|100000|2000|150000|75000|20000|500000|500000|750000|100000|75000|80000|80000|150000|100000

IA003006|JA102004|JB001002|JB002002|JB006001|JB101003|JB102002|JB102003|JC007001|JF002002|JF005001|JF007001|JF019001|JF034001|KA301102|KA401102|KA501102|KA701101|KA911101
470000|4500|2600|2800|2600|180000|110000|62000|400000|2000|150000|75000|20000|500000|75000|75000|75000|100000|150000
470000|4500|2600|2800|2600|180000|110000|75000|400000|2000|150000|75000|20000|500000|75000|75000|75000|100000|150000
450000|4500|2600|2800|2600|180000|110000|75000|400000|2000|150000|75000|20000|500000|75000|75000|75000|100000|150000
450000|4500|2500|2700|2600|180000|110000|75000|500000|2000|150000|100000|20000|500000|75000|75000|75000|100000|150000
450000|4500|2500|2700|2600|180000|110000|75000|500000|2000|150000|100000|20000|500000|75000|75000|75000|100000|150000
480000|4300|2600|2700|2600|180000|110000|75000|500000|2000|150000|100000|20000|500000|75000|75000|75000|100000|150000
430000|4000|2600|2700|2600|180000|110000|75000|500000|2000|150000|100000|20000|500000|75000|75000|75000|100000|150000

IA003006|JA102004|JB001002|JB002002|JB101003|JC007002
400000|15000|2600|2800|400000|150000
380000|15000|2600|2800|400000|150000
420000|15000|2600|2800|500000|150000
480000|7500|2500|2800|500000|150000
480000|7500|2500|2800|500000|150000
480000|7300|2600|2700|500000|150000
430000|7300|2600|2700|500000|150000

IA003006|JA102004|JB001002|JB002002|JB006001|JB101003|JC002001|JC007002|JC013001|JD003002|KA101101|KA301102|KA401102|KA501103|KA601101
400000|15000|2600|2800|7700|360000|25000000|1500000|500000|6000|125000|70000|70000|4000000|125000
380000|15000|2600|2800|9600|288000|25000000|1500000|500000|6000|125000|70000|70000|4000000|125000
420000|15000|2600|2800|12000|360000|25000000|1500000|500000|6000|125000|70000|70000|4000000|125000
480000|7500|2500|2800|10000|375000|25000000|1500000|500000|6000|125000|70000|70000|4000000|125000
450000|7500|2500|2800|10000|375000|25000000|1500000|500000|6000|125000|70000|70000|4000000|125000
480000|7300|2600|2700|10000|375000|25000000|1200000|500000|6000|125000|70000|70000|4000000|125000
430000|7000|2600|2700|10000|375000|25000000|1200000|500000|6000|125000|70000|70000|4000000|125000

IA003006|JA102004|JB001002|JB002002|JB101002|JB101003|JB103003|JC002002|JC007002|JC013001|KA301103|KA501103|KA701103
400000|15000|2600|2800|15500|282000|300000|300000|300000|200000|360000|760000|200000
380000|15000|2600|2800|17500|352000|375000|300000|300000|200000|360000|760000|200000
420000|15000|2600|2800|17500|480000|375000|300000|300000|200000|360000|760000|200000
480000|7500|2500|2800|17500|625000|275000|300000|300000|200000|360000|600000|200000
480000|7500|2500|2800|17500|625000|275000|300000|300000|200000|360000|600000|200000
480000|7500|2600|2800|17500|625000|275000|300000|300000|200000|360000|600000|200000
430000|7300|2600|2800|17500|625000|275000|300000|300000|200000|360000|600000|200000












