IA001005|JA101003|JB001001|JB001002|JB002002|JB006001|JB007001|JB101003|JB102002|JD002003|JF005001|JF007001|JF023001|KA101101|KA201101|KA301101|KA301102|KA501101|KA601101|KA701101|KA801101|KA801102|KA911101
500000|10000|24000|24000|14000|2600|20000|135000|65000|10900|100000|50000|75000|100000|100000|100000|50000|100000|100000|100000|100000|50000|100000
510000|10000|24000|24000|14000|2600|20000|135000|65000|10900|100000|50000|75000|100000|100000|100000|50000|100000|100000|100000|100000|50000|100000
400000|10000|24000|24000|14000|2600|20000|135000|65000|10900|100000|50000|75000|100000|100000|100000|50000|100000|100000|100000|100000|50000|100000
430000|12000|24000|24000|14000|2600|20000|135000|65000|12500|100000|50000|75000|100000|100000|100000|50000|100000|100000|100000|100000|50000|100000
430000|12000|24000|24000|14000|2600|20000|135000|65000|15000|100000|50000|75000|100000|100000|100000|50000|100000|100000|100000|100000|50000|100000
480000|20000|24000|24000|14000|2600|20000|135000|65000|15000|100000|50000|75000|100000|100000|100000|50000|100000|100000|100000|100000|50000|100000
480000|20000|24000|24000|14000|2600|20000|135000|65000|15000|100000|50000|75000|100000|100000|100000|50000|100000|100000|100000|100000|50000|100000

IA001006|IB005002|JA101004|JA203001|JB001003|JB002002|JB006001|JB007001|JB101003|JB102002|JB103002|JB103003|JC002002|JD002002|JF002002|JF005001|JF007001|JF023001|KA101101|KA201101|KA301101|KA301102|KA501101|KA501102|KA601101|KA701101|KA801101|KA801102|KA911101
530000|500000|15000|32000|2600|2800|2600|20000|130000|127000|55000|170000|1000000|10000|2500|100000|50000|187500|100000|100000|100000|90000|100000|90000|100000|100000|100000|90000|100000
530000|500000|15000|32000|2600|2800|2600|20000|130000|127000|88000|170000|1000000|10000|2500|100000|50000|187500|100000|100000|100000|90000|100000|90000|100000|100000|100000|90000|100000
480000|500000|15000|32000|2600|2800|2600|20000|130000|127000|88000|170000|1000000|10000|2500|100000|50000|187500|100000|100000|100000|90000|100000|90000|100000|100000|100000|90000|100000
450000|850000|16000|32000|2600|2800|2600|20000|130000|127000|88000|170000|1000000|10000|2500|100000|50000|187500|100000|100000|100000|90000|100000|90000|100000|100000|100000|90000|100000
450000|850000|16000|32000|2600|2800|2600|20000|130000|127000|88000|170000|1000000|10000|2500|100000|50000|187500|100000|100000|100000|90000|100000|90000|100000|100000|100000|90000|100000
450000|850000|16000|32000|2600|2800|2600|20000|130000|127000|88000|170000|1000000|10000|2500|100000|50000|187500|100000|100000|100000|90000|100000|90000|100000|100000|100000|90000|100000
450000|850000|16000|32000|2600|2800|2600|20000|130000|127000|88000|170000|1000000|10000|2500|100000|50000|187500|100000|100000|100000|90000|100000|90000|100000|100000|100000|90000|100000

IA001005|JA101003|JB001001|JB006001|JB007001|JB101003|JB102002|JB102003|JB103002|JD001001|JF002002|JF005001|JF007001|JF023001|KA101101|KA961101
500000|105000|2500|2600|20000|180000|50000|36000|90000|150000|2500|100000|50000|41000|75000|70000
500000|105000|2500|2600|20000|180000|50000|36000|90000|150000|2500|100000|50000|41000|75000|70000
420000|105000|2500|2600|20000|180000|50000|36000|90000|150000|2500|100000|50000|41000|75000|70000
240000|105000|2600|2600|20000|180000|120000|36000|90000|150000|2500|100000|50000|41000|75000|70000
240000|105000|2600|2600|20000|180000|120000|36000|90000|150000|2500|100000|50000|41000|75000|70000
240000|105000|2600|2600|20000|180000|120000|36000|90000|150000|2500|100000|50000|41000|75000|70000
240000|105000|2600|2600|20000|180000|120000|36000|90000|150000|2500|100000|50000|41000|75000|70000

IB001003|IB005002|JA201002|JA203001|JB001001|JB001003|JB006001|JB101003|JB102002|JB103002|JD002002|JF005001|JF007001|JF023001|KA101101|KA301102|KA401101|KA401102|KA501101|KA501102|KA801101|KA961101
340000|1000000|78000|12000|2600|2600|2600|18000|35000|57000|10000|100000|50000|25000|120000|100000|80000|60000|120000|80000|30000|100000
340000|1000000|78000|12000|2600|2600|2600|18000|35000|57000|10000|100000|50000|25000|120000|100000|80000|60000|120000|80000|30000|100000
440000|1000000|78000|12000|2600|2600|2600|18000|35000|57000|10000|100000|50000|25000|120000|100000|80000|60000|120000|80000|30000|100000
440000|1000000|78000|12000|2600|2600|2600|18000|35000|57000|10000|100000|50000|25000|120000|100000|80000|60000|120000|80000|30000|100000
440000|1000000|78000|12000|2600|2600|2600|18000|35000|57000|10000|100000|50000|25000|120000|100000|80000|60000|120000|80000|30000|100000
490000|1000000|85000|12000|2600|2600|2600|18000|35000|57000|10000|100000|50000|25000|120000|100000|80000|60000|120000|80000|30000|100000
490000|1000000|85000|12000|2600|2600|2600|18000|35000|57000|10000|100000|50000|25000|120000|100000|80000|60000|120000|80000|30000|100000

IA001001|IA001006|JA101001|JA101004|JB001001|JB001003|JB002002|JB006001|JB101003|JB102002|JB102003|JB103002|JB103003|JD002001|JF005001|JF007001|JF023001|KA101101|KA201101|KA301101|KA301102|KA401101|KA501101|KA601101|KA701101|KA801101|KA911101
520000|500000|16000|15000|2600|15000|2600|2600|30000|30000|65000|65000|136000|10000|100000|50000|30000|100000|100000|100000|80000|100000|100000|100000|100000|100000|100000
520000|500000|16000|15000|2600|15000|2600|2600|30000|30000|65000|65000|136000|10000|100000|50000|30000|100000|100000|100000|80000|100000|100000|100000|100000|100000|100000
520000|500000|16000|16000|2600|15000|2600|2600|30000|30000|65000|110000|136000|10000|100000|50000|30000|100000|100000|100000|80000|100000|100000|100000|100000|100000|100000
520000|500000|16000|16000|2600|15000|2600|2600|30000|30000|65000|110000|136000|10000|100000|50000|30000|100000|100000|100000|80000|100000|100000|100000|100000|100000|100000
520000|530000|16000|16000|2600|15000|2600|2600|30000|30000|65000|110000|136000|10000|100000|50000|30000|100000|100000|100000|80000|100000|100000|100000|100000|100000|100000
520000|480000|16000|16000|2600|15000|2600|2600|30000|30000|65000|110000|136000|10000|100000|50000|30000|100000|100000|100000|80000|100000|100000|100000|100000|100000|100000
520000|480000|16000|16000|2600|15000|2600|2600|30000|30000|65000|110000|136000|10000|100000|50000|30000|100000|100000|100000|80000|100000|100000|100000|100000|100000|100000

IB005002|JA203001|JB001003|JB006001|JB101003|JB103002|JD002002|JF002002|JF005001|JF007001|JF023001|KA101101|KA301102|KA401102|KA801101|KA961101
900000|10000|2600|2600|135000|85000|10000|2000|100000|50000|33000|100000|100000|100000|80000|100000
900000|10000|2600|2600|135000|85000|10000|2000|100000|50000|33000|100000|100000|100000|80000|100000
900000|10000|2600|2600|135000|85000|10000|2000|100000|50000|33000|100000|100000|100000|80000|100000
900000|10000|2600|2600|135000|85000|10000|2000|100000|50000|33000|100000|100000|100000|80000|100000
900000|13000|2600|2600|135000|85000|10000|2000|100000|50000|33000|100000|100000|100000|80000|100000
1000000|13000|2600|2600|135000|85000|10000|2000|100000|50000|33000|100000|100000|100000|80000|100000
1000000|13000|2600|2600|135000|85000|10000|2000|100000|50000|33000|100000|100000|100000|80000|100000

IA001001|IB005002|JA101003|JA203001|JB001003|JB006001|JB007001|JB101003|JB102002|JB103001|JB104002|JD003002|JF002002|JF005001|JF007001|JF023001|KA201101|KA301102|KA401101|KA501101|KA501102|KA801101|KA801102|KA911101|KA961101
570000|800000|10000|12000|2600|2600|20000|55000|40000|80000|40000|6000|2000|100000|50000|12000|100000|100000|100000|100000|100000|100000|100000|100000|100000
600000|800000|10000|12000|2600|2600|20000|55000|40000|80000|40000|6000|2000|100000|50000|12000|100000|100000|100000|100000|100000|100000|100000|100000|100000
550000|800000|10000|12000|2600|2600|20000|55000|40000|80000|40000|6000|2000|100000|50000|12000|100000|100000|100000|100000|100000|100000|100000|100000|100000
550000|800000|10000|12000|2600|2600|20000|55000|40000|80000|40000|6000|2000|100000|50000|12000|100000|100000|100000|100000|100000|100000|100000|100000|100000
550000|800000|10000|12000|2600|2600|20000|55000|40000|80000|40000|6000|2000|100000|50000|12000|100000|100000|100000|100000|100000|100000|100000|100000|100000
550000|1100000|10000|12000|2600|2600|20000|55000|40000|80000|40000|6000|2000|100000|50000|12000|100000|100000|100000|100000|100000|100000|100000|100000|100000
550000|1100000|10000|12000|2600|2600|20000|55000|40000|80000|40000|6000|2000|100000|50000|12000|100000|100000|100000|100000|100000|100000|100000|100000|100000

|
500000|20000|18500|2600|20000|35000|96000|120000|103000|10900|100000|2000|100000|100000|100000|100000|100000
500000|20000|18500|2600|20000|35000|96000|120000|103000|10900|100000|2000|100000|100000|100000|100000|100000
300000|20000|18500|2600|20000|35000|96000|120000|103000|10900|100000|2000|100000|100000|100000|100000|100000
170000|20000|18500|2600|20000|35000|96000|120000|103000|10900|100000|2000|100000|100000|100000|100000|100000
170000|20000|18500|2600|20000|35000|96000|120000|103000|12500|100000|2000|100000|100000|100000|100000|100000
160000|50000|18500|2600|20000|35000|96000|120000|103000|15000|100000|2000|100000|100000|100000|100000|100000
160000|50000|18500|2600|20000|35000|96000|120000|103000|15000|100000|2000|100000|100000|100000|100000|100000

XB018002|YA212002|YB001003|YB004001|YB006001|YB007001|YB101002|YB102002|YB103001|YB103002|YB104002|YF006002|YF007001|YF601001|YF607002|ZA101101|ZA301102|ZA501101
350000|3000|2600|2200|2600|20000|40000|105000|65000|115000|15000|100000|50000|800000|2000|120000|80000|120000
350000|3000|2600|2200|2600|20000|40000|105000|65000|115000|15000|100000|50000|800000|2000|120000|80000|120000
400000|3000|2600|2200|2600|20000|40000|105000|65000|115000|15000|100000|50000|800000|2000|120000|80000|120000
600000|3000|2600|2200|2600|20000|40000|105000|65000|115000|15000|100000|50000|800000|2000|120000|80000|120000
500000|4000|2600|2200|2600|20000|40000|105000|65000|115000|15000|100000|50000|800000|2000|120000|80000|120000
500000|4000|2600|2200|2600|20000|40000|105000|65000|115000|15000|100000|50000|800000|2000|120000|80000|120000
500000|4000|2600|2200|2600|20000|40000|105000|65000|115000|15000|100000|50000|800000|2000|120000|80000|120000

XA007001|XB014003|XB023004|YA101001|YA203003|YA208002|YB001003|YB002002|YB006001|YB007001|YB601003|YB101003|YB102002|YB103002|YD002003|YF003001|YF006002|YF007001|YF009001|YF023001|YF601001|YF607002|ZA101101|ZA201101|ZA301101|ZA501101|ZA601101|ZA701101|ZA921101
3500000|15000|400000|350|12000|125000|15000|2600|15000|20000|250000|30000|130000|110000|10000|80000|100000|50000|28000000|30000|1800000|2500|100000|100000|100000|100000|100000|100000|100000
2000000|15000|400000|350|12000|125000|15000|2600|15000|20000|250000|30000|130000|110000|10000|80000|100000|50000|28000000|30000|1800000|2500|100000|100000|100000|100000|100000|100000|100000
2000000|15000|300000|350|12000|125000|15000|2600|15000|20000|250000|30000|130000|110000|10000|80000|100000|50000|28000000|30000|1800000|2500|100000|100000|100000|100000|100000|100000|100000
2000000|15000|300000|350|12000|125000|15000|2600|15000|20000|250000|30000|130000|110000|10000|80000|100000|50000|28000000|30000|1800000|2500|100000|100000|100000|100000|100000|100000|100000
3500000|15000|300000|350|12000|125000|15000|2600|15000|20000|250000|30000|130000|110000|10000|80000|100000|50000|28000000|30000|1800000|2500|100000|100000|100000|100000|100000|100000|100000
3500000|15000|300000|350|12000|125000|15000|2600|15000|20000|250000|30000|130000|110000|10000|80000|100000|50000|28000000|30000|1800000|2500|100000|100000|100000|100000|100000|100000|100000
1200000|15000|300000|350|12000|125000|15000|2600|15000|20000|250000|30000|130000|110000|10000|80000|100000|50000|28000000|30000|1800000|2500|100000|100000|100000|100000|100000|100000|100000

XA029001|YA108001|YB001003|YB604001|YB101003|YB102002|YB103002|YD002003|YF006002|YF007001|YF601001|ZA101101
1200000|67000|12000|8750|22000|45000|100000|10000|100000|50000|1400000|120000
1200000|67000|15000|8750|22000|45000|100000|10000|100000|50000|1400000|120000
1300000|67000|15000|8750|22000|45000|100000|10000|100000|50000|1400000|120000
700000|67000|15000|9250|37000|45000|100000|10000|100000|50000|1400000|120000
700000|20000|15000|9250|40000|45000|100000|10000|100000|50000|1400000|120000
700000|20000|18000|9250|60000|45000|100000|10000|100000|50000|1400000|120000
700000|20000|18000|9250|60000|45000|100000|10000|100000|50000|1400000|120000

XA007001|YA101001|YB002002|YB006001|YB007001|YB604001|YB101002|YB102002|YB103001|YC002001|YD002001|YF006002|ZA101101|ZA201101|ZA301102|ZA501102|ZA601101|ZA701101
1000000|10500|1800|2600|20000|3000|17500|135000|110000|3000000|10000|100000|140000|140000|80000|80000|140000|140000
1000000|10500|1800|2600|20000|3000|17500|135000|110000|3000000|10000|100000|140000|140000|80000|80000|140000|140000
1800000|10500|1800|2600|20000|3000|17500|135000|110000|3000000|10000|100000|140000|140000|80000|80000|140000|140000
2300000|10500|1800|2600|20000|3000|17500|135000|110000|3000000|10000|100000|140000|140000|80000|80000|140000|140000
3500000|10500|1800|2600|20000|3000|40000|135000|110000|3000000|10000|100000|140000|140000|80000|80000|140000|140000
3500000|10500|1800|2700|20000|3000|40000|135000|110000|3000000|10000|100000|140000|140000|80000|80000|140000|140000
1200000|10500|1800|2700|20000|3000|40000|135000|110000|3000000|10000|100000|140000|140000|80000|80000|140000|140000

XB023004|YA208002|YB001003|YB002002|YB004001|YB006001|YB101002|YB101003|YB102002|YC002002|YF003001|YF006002|YF007001|YF607002|ZA101101|ZA201101|ZA301101|ZA401101|ZA501101|ZA601101|ZA701101
450000|105000|15000|2600|20000|15000|27000|325000|55000|6000000|100000|100000|50000|2500|100000|100000|100000|100000|100000|100000|100000
450000|105000|15000|2600|20000|15000|27000|325000|55000|6000000|100000|100000|50000|2500|100000|100000|100000|100000|100000|100000|100000
450000|105000|15000|2600|20000|15000|27000|325000|55000|6000000|100000|100000|50000|2500|100000|100000|100000|100000|100000|100000|100000
450000|105000|15000|2600|20000|15000|27000|325000|55000|6000000|100000|100000|50000|2500|100000|100000|100000|100000|100000|100000|100000
300000|108000|15000|2600|20000|15000|27000|325000|55000|6000000|100000|100000|50000|2500|100000|100000|100000|100000|100000|100000|100000
330000|120000|15000|2600|20000|15000|27000|325000|55000|6000000|100000|100000|50000|2500|100000|100000|100000|100000|100000|100000|100000
330000|120000|15000|2600|20000|15000|27000|325000|55000|6000000|100000|100000|50000|2500|100000|100000|100000|100000|100000|100000|100000

XB015001|YA211002|YB001003|YB002002|YB006001|YB007001|YB101003|YB102002|YF006002|YF007001|YF601001|ZA101101|ZA501101
1700000|2500|4800|2600|10000|20000|37000|105000|100000|50000|60000|100000|100000
1700000|2500|4800|2600|10000|20000|37000|105000|100000|50000|60000|100000|100000
1700000|2500|4800|2600|10000|20000|37000|105000|100000|50000|60000|100000|100000
1700000|2500|4800|2600|10000|20000|37000|105000|100000|50000|60000|100000|100000
900000|2500|4800|2600|15000|20000|40000|105000|100000|50000|60000|100000|100000
900000|2500|4800|2600|15000|20000|40000|105000|100000|50000|60000|100000|100000
900000|2500|4800|2600|15000|20000|40000|105000|100000|50000|60000|100000|100000










