IA001006|IA002006|IB001003|JA101004|JA201002|JB001001|JB007001|JB101003|JD002002|JD005002|JD006002|JD013001|JF002001|JF005001|JF007001|JF011001|JF017001|JF019001|JF020001|JF027001|JF029001|KA301101|KA501101
450000|450000|400000|10000|15000|10000|30000|125000|10000|180000|30000|70000|3000|150000|75000|65000|10000|20000|4500000|100000|7000|100000|100000
450000|450000|400000|10000|15000|10000|30000|125000|10000|180000|30000|70000|3000|150000|75000|65000|10000|23000|4500000|100000|7000|100000|100000
450000|450000|400000|10000|15000|10000|30000|125000|10000|180000|30000|70000|3000|150000|75000|65000|10000|25000|5000000|100000|7000|100000|100000
450000|450000|400000|10000|15000|10000|30000|125000|10000|180000|30000|70000|3000|150000|75000|65000|10000|25000|5000000|100000|7000|100000|100000
450000|450000|400000|10000|18000|10000|35000|130000|10000|180000|30000|70000|3000|150000|75000|65000|10000|25000|5000000|100000|7000|100000|100000
450000|450000|400000|10000|15000|10000|30000|125000|10000|180000|30000|70000|3000|150000|75000|65000|10000|25000|5000000|100000|7000|100000|100000
500000|500000|400000|15000|17000|10000|40000|130000|10000|180000|30000|70000|3000|150000|75000|65000|10000|25000|5000000|100000|7000|100000|100000

IA001006|IA002006|IB009001|JA101004|JA102004|JA207001|JB001001|JB101002|JD002002|JD005002|JD006002|JD013001|JF001001|JF002001|JF005001|JF007001|JF011001|JF019001|JF020001|JF023001|JF029001|KA301101|KA501101
520000|520000|300000|15000|15000|3000|3000|19000|10000|180000|30000|85000|20000|2500|150000|70000|80000|18000|4500000|17000|8500|100000|100000
520000|520000|300000|15000|15000|3000|3000|19000|10000|180000|30000|85000|20000|2500|150000|70000|80000|18000|4500000|17000|8500|100000|100000
520000|520000|300000|15000|15000|3000|3000|38000|10000|180000|30000|85000|20000|2500|150000|70000|80000|20000|5000000|17500|9000|100000|100000
520000|520000|300000|15000|15000|3000|3000|38000|10000|180000|30000|85000|20000|2500|150000|70000|80000|20000|5000000|18000|9000|100000|100000
520000|520000|300000|15000|15000|3000|3000|45000|10000|180000|30000|100000|20000|2500|150000|70000|80000|20000|5000000|18000|9000|100000|100000
520000|520000|300000|15000|15000|3000|3000|38000|10000|180000|30000|85000|20000|2500|150000|70000|80000|20000|5000000|18000|9000|100000|100000
520000|520000|300000|17000|17000|3000|3000|40000|10000|180000|30000|100000|20000|2500|150000|70000|80000|20000|5000000|18000|9000|100000|100000

IA001006|IA002001|IA004001|IB001003|IB009001|JA101004|JA102004|JA201002|JA207001|JB001002|JB007001|JB101003|JB102002|JD002002|JD005002|JD006002|JD013001|JF001001|JF002001|JF005001|JF008001|JF009001|JF011001|JF018001|JF019001|JF020001|JF023001|JF028001|KA301101|KA501101
500000|430000|700000|450000|500000|10000|10000|25000|4000|2500|40000|60000|178000|7600|180000|30000|80000|20000|2500|150000|1000000|21950000|70000|53000|25000|3450000|7000|1500000|100000|100000
500000|430000|700000|450000|500000|10000|10000|25000|4000|2500|40000|60000|178000|7600|180000|30000|80000|20000|2500|150000|1000000|21950000|70000|53000|25000|3450000|7000|1500000|100000|100000
480000|440000|700000|450000|500000|10000|10000|25000|4000|2500|40000|85000|180000|7600|180000|30000|80000|20000|2500|160000|1000000|22000000|80000|55000|25000|3500000|7500|1500000|100000|100000
480000|440000|700000|450000|500000|10000|10000|25000|4000|2500|40000|85000|180000|7600|180000|30000|80000|20000|2500|160000|1000000|22000000|80000|55000|25000|3500000|7500|1500000|100000|100000
480000|440000|700000|450000|450000|10000|10000|23000|4000|2500|40000|85000|180000|10000|180000|30000|80000|20000|2500|160000|1000000|22000000|80000|55000|25000|3500000|7500|1500000|100000|100000
480000|440000|700000|450000|500000|10000|10000|25000|4000|2500|40000|85000|180000|10000|180000|30000|80000|20000|2500|160000|1000000|22000000|80000|55000|25000|3500000|7500|1500000|100000|100000
500000|500000|750000|500000|500000|15000|15000|30000|4000|2500|40000|85000|180000|10000|180000|30000|80000|20000|2500|160000|1000000|22000000|80000|55000|25000|3500000|7500|1500000|100000|100000

IA001006|IA002006|IB001003|JA101004|JA102004|JA201002|JB001002|JB101003|JD002003|JD005002|JD006002|JD013001|JF001001|JF002002|JF005001|JF007001|JF011001|JF017001|JF018001|JF019001|JF020001|JF029001|KA301101|KA501101
500000|500000|780000|14000|14000|7800|5800|48000|9000|180000|30000|140000|20000|3000|150000|100000|60000|10000|50000|20000|1450000|2000|100000|100000
500000|500000|780000|14000|14000|7800|5800|48000|9000|180000|30000|140000|20000|3000|150000|100000|60000|10000|50000|20000|1450000|2000|100000|100000
500000|500000|780000|14000|14000|7800|5800|48000|9000|180000|30000|140000|20000|3000|150000|100000|60000|10000|50000|20000|1450000|2000|100000|100000
500000|500000|780000|14000|14000|7800|5800|48000|9000|180000|30000|140000|20000|3000|150000|100000|60000|10000|50000|20000|1450000|2000|100000|100000
500000|500000|700000|15000|15000|7000|5800|48000|10000|180000|30000|140000|20000|3000|150000|100000|60000|10000|50000|20000|1450000|2000|100000|100000
500000|500000|780000|14000|14000|7800|5800|48000|10000|180000|30000|140000|20000|3000|150000|100000|60000|10000|50000|20000|1450000|2000|100000|100000
500000|500000|780000|15000|15000|7800|5800|50000|12000|180000|30000|140000|20000|3000|150000|100000|60000|10000|50000|20000|1450000|2000|100000|100000

XA002001|XA006001|XB014003|XB019002|XB023002|YA101002|YA103001|YA203003|YA204002|YB001002|YB007001|YB101003|YD002003|YD005002|YD006002|YD012001|YF001001|YF003001|YF006001|YF007001|YF011001|YF019001|YF023001|YF031001|YF607002|ZA301101|ZA501101
1200000|1500000|400000|35000|500000|10000|20000|20000|10000|2500|20000|200000|10000|180000|30000|60000|15000|100000|130000|50000|65000|15000|18000|97000|2500|100000|100000
1200000|1500000|400000|35000|500000|10000|20000|20000|10000|2500|20000|200000|10000|180000|30000|60000|15000|100000|130000|50000|65000|15000|18000|97000|2500|100000|100000
1200000|1500000|400000|35000|500000|35000|23000|20000|10000|2500|20000|200000|10000|180000|30000|85000|20000|100000|130000|50000|70000|15000|18000|97000|2500|100000|100000
1200000|1500000|400000|35000|500000|35000|23000|20000|10000|2500|20000|200000|10000|180000|30000|85000|20000|100000|130000|50000|70000|15000|18000|97000|2500|100000|100000
1200000|1500000|400000|35000|500000|35000|23000|20000|10000|2500|20000|200000|10000|180000|30000|85000|20000|100000|130000|50000|70000|15000|18000|97000|2500|100000|100000
1200000|1500000|400000|35000|500000|35000|23000|20000|10000|2500|20000|200000|10000|180000|30000|85000|20000|100000|130000|50000|70000|15000|18000|97000|2500|100000|100000
1500000|2500000|400000|40000|500000|45000|30000|20000|10000|2500|20000|200000|10000|180000|30000|100000|20000|100000|130000|50000|70000|15000|18000|97000|2500|100000|100000

XA002001|XA006001|XA008001|XA028001|XB015001|XB018001|XB019002|XB023002|XD001001|XD010001|YA101001|YA103001|YA117001|YA204002|YA208002|YA211001|YA401001|YA409001|YB001001|YB602001|YB101003|YB102002|YD002003|YD004002|YD005002|YD006002|YD012001|YF001001|YF006001|YF007001|YF011001|YF017001|YF018001|YF019001|YF027001|YF031001|YF607002|ZA301101|ZA501101
1100000|1000000|4000000|600000|600000|600000|35000|400000|150000|5000|12000|14000|250000|15000|200000|2500|7000|15000|2600|22500|11000|50000|10000|38000|180000|30000|100000|12000|100000|65000|50000|10000|60000|15000|100000|65000|3000|100000|100000
1500000|1000000|4000000|600000|500000|600000|35000|400000|150000|7000|12000|30000|250000|15000|200000|2500|7000|15000|2600|22500|11000|50000|10000|40000|180000|30000|65000|15000|100000|65000|50000|10000|60000|15000|100000|65000|3000|100000|100000
1500000|1000000|4000000|600000|500000|600000|35000|400000|150000|7000|12000|30000|250000|15000|200000|2500|7000|15000|2600|22500|11000|50000|10000|40000|180000|30000|65000|15000|100000|65000|50000|10000|60000|15000|100000|65000|3000|100000|100000
1500000|1000000|4000000|600000|500000|600000|35000|400000|150000|7000|12000|30000|250000|15000|200000|2500|7000|15000|2600|22500|11000|50000|10000|40000|180000|30000|65000|15000|100000|65000|50000|10000|60000|15000|100000|65000|3000|100000|100000
1500000|1000000|4000000|600000|500000|600000|35000|400000|150000|7000|12000|30000|250000|15000|200000|2500|7000|15000|2600|22500|11000|50000|10000|40000|180000|30000|65000|15000|100000|65000|50000|10000|60000|15000|100000|65000|3000|100000|100000
2000000|1200000|4200000|600000|500000|600000|35000|400000|150000|7000|15000|35000|250000|15000|200000|2500|7000|15000|2600|22500|11000|50000|10000|40000|180000|30000|65000|15000|100000|65000|50000|10000|60000|15000|100000|65000|3000|100000|100000
3000000|2500000|5000000|600000|500000|600000|40000|450000|150000|7000|25000|40000|250000|15000|200000|2500|7000|15000|2600|25000|11000|50000|10000|40000|180000|30000|65000|15000|100000|65000|50000|10000|60000|15000|100000|65000|3000|100000|100000

XA002001|XA003001|XA006001|XA007001|XA008001|XA011001|XA015001|XA028001|XA029001|XB010005|XB015001|XB021001|XB023001|YA101001|YA103001|YA110001|YA208001|YA211001|YB602001|YB101003|YB102002|YD002003|YD005002|YD006002|YD012001|YF001001|YF003001|YF006002|YF008001|YF009001|YF011001|YF012001|YF017001|YF018001|YF019001|YF020001|YF023001|YF024001|YF027001|YF028001|YF031001|YF601001|YF605001|YF607002|YF999001|ZA301101|ZA501101
1200000|2600000|1000000|1500000|4000000|1000000|650000|600000|1500000|1100000|600000|1000000|400000|14000|20000|20000|200000|2500|22500|11000|50000|10000|180000|30000|95000|10000|100000|300000|1000000|27000000|60000|80000|5000|50000|15000|3500000|17000|800000|100000|75000|55000|150000|100000|2500|1800000|100000|100000
1200000|2600000|1000000|1500000|4000000|1000000|650000|600000|1500000|1100000|600000|1000000|400000|14000|20000|20000|200000|2500|22500|11000|50000|10000|180000|30000|95000|10000|100000|300000|1000000|27000000|60000|80000|5000|50000|15000|3500000|17000|800000|100000|75000|55000|150000|100000|2500|1800000|100000|100000
1200000|2600000|1000000|1500000|4000000|1000000|650000|600000|1000000|1200000|500000|1000000|300000|12000|30000|20000|200000|2500|22500|11000|50000|10000|180000|30000|95000|15000|100000|300000|1000000|27000000|60000|80000|5000|50000|15000|3500000|17000|800000|100000|80000|60000|250000|100000|2500|1800000|100000|100000
1200000|2600000|1000000|1500000|4000000|1000000|650000|600000|1000000|1200000|500000|1000000|300000|12000|30000|20000|200000|2500|22500|11000|50000|10000|180000|30000|95000|15000|100000|300000|1000000|27000000|60000|80000|5000|50000|15000|3500000|17000|800000|100000|80000|60000|250000|100000|2500|1800000|100000|100000
1200000|2600000|1000000|1500000|4000000|1000000|650000|600000|1000000|1200000|500000|1000000|300000|12000|30000|20000|200000|2500|22500|11000|50000|10000|180000|30000|100000|15000|100000|300000|1000000|27000000|60000|80000|5000|50000|15000|3500000|17000|800000|100000|80000|60000|250000|100000|2500|1800000|100000|100000
1200000|2600000|1500000|2000000|4500000|1300000|650000|600000|1000000|1200000|500000|1000000|300000|15000|50000|20000|200000|2500|22500|11000|50000|10000|180000|30000|100000|15000|100000|300000|1000000|27000000|60000|80000|5000|50000|15000|3500000|17000|800000|100000|80000|60000|250000|100000|2500|1800000|100000|100000
2500000|2600000|3000000|3500000|5000000|1300000|650000|600000|1000000|1200000|500000|1000000|300000|15000|50000|20000|200000|2500|25000|11000|50000|10000|180000|30000|100000|15000|100000|300000|1000000|27000000|60000|80000|5000|50000|15000|3500000|17000|800000|100000|80000|60000|250000|100000|2500|1800000|100000|100000

XA002001|XA007001|XA008001|XA011001|XA029001|XB014003|XB015001|XB023002|XD001001|XD002001|XD003001|XD011001|YA101001|YA101003|YA103001|YA110001|YA203003|YA208001|YA211001|YB001001|YB101003|YD002003|YD005002|YD006002|YD012001|YF001001|YF003001|YF006001|YF007001|YF017001|YF019001|YF020001|YF027001|YF601001|YF605001|YF607002|ZA301101|ZA501101
1100000|1700000|3000000|900000|600000|550000|800000|400000|500000|175000|400000|15000|25000|35000|20000|30000|45000|130000|3000|2600|40000|10000|180000|30000|75000|12500|20000|75000|35000|7500|17000|3000000|45000|250000|3000|3000|100000|100000
1100000|1700000|3000000|900000|600000|550000|800000|400000|500000|175000|400000|15000|25000|35000|20000|30000|45000|130000|3000|2600|40000|10000|180000|30000|75000|12500|20000|75000|35000|7500|17000|3000000|45000|250000|3000|3000|100000|100000
1500000|1700000|1800000|900000|600000|500000|800000|400000|600000|175000|400000|15000|30000|35000|20000|30000|45000|130000|3000|2600|45000|10000|180000|30000|75000|15000|20000|75000|35000|7500|17000|3000000|45000|250000|3000|2500|100000|100000
1500000|1700000|1800000|900000|600000|500000|800000|400000|600000|175000|400000|15000|30000|35000|20000|30000|45000|130000|3000|2600|45000|10000|180000|30000|75000|15000|20000|75000|35000|7500|17000|3000000|45000|250000|3000|2500|100000|100000
1500000|1700000|1800000|900000|650000|500000|800000|400000|600000|175000|400000|15000|30000|35000|20000|20000|45000|130000|3000|2600|45000|10000|180000|30000|75000|15000|20000|75000|35000|7500|17000|3000000|45000|250000|3000|2500|100000|100000
1500000|1700000|1800000|900000|650000|500000|800000|400000|600000|175000|400000|15000|30000|35000|20000|30000|50000|150000|5000|2600|45000|10000|180000|30000|100000|15000|20000|75000|35000|7500|17000|3000000|45000|250000|3000|2500|100000|100000
2000000|3000000|3250000|900000|650000|500000|800000|400000|600000|175000|400000|15000|30000|35000|20000|30000|50000|150000|5000|2600|45000|10000|180000|30000|100000|15000|20000|75000|35000|7500|17000|3000000|45000|250000|3000|2500|100000|100000

XA002001|XA006001|XA012001|XA029001|XB019002|XD001001|XD002001|YA101002|YA103001|YA108001|YA204002|YA401001|YA402001|YB001002|YB007001|YB101002|YD002003|YD005002|YD006002|YD012001|YF001001|YF006001|YF007001|YF011001|YF017001|YF018001|YF019001|YF023001|YF027001|YF031001|YF607002|ZA301101|ZA501101
1800000|1500000|2000000|600000|40000|300000|200000|30000|20000|15000|10000|7000|5000|2600|20000|23000|10000|180000|30000|65000|20000|150000|100000|65000|10000|70000|20000|18000|100000|65000|3000|100000|100000
1800000|1500000|2000000|600000|40000|300000|200000|30000|20000|15000|10000|7000|5000|2600|20000|23000|10000|180000|30000|65000|20000|150000|100000|65000|10000|70000|20000|18000|100000|65000|3000|100000|100000
2000000|1500000|2000000|600000|40000|300000|200000|30000|25000|15000|10000|7000|5000|2600|20000|23000|10000|180000|30000|65000|20000|150000|100000|65000|10000|70000|20000|18000|100000|65000|3000|100000|100000
2000000|1500000|2000000|600000|30000|200000|200000|30000|25000|15000|10000|7000|5000|2600|20000|23000|10000|180000|30000|65000|20000|150000|100000|65000|10000|70000|20000|18000|100000|65000|3000|100000|100000
2300000|1500000|2000000|600000|40000|300000|200000|30000|23000|15000|10000|7000|5000|2600|20000|23000|10000|180000|30000|65000|20000|150000|100000|65000|10000|70000|20000|18000|100000|65000|3000|100000|100000
2000000|1500000|2000000|600000|40000|300000|200000|30000|25000|15000|10000|7000|5000|2600|20000|23000|10000|180000|30000|100000|20000|150000|100000|65000|10000|70000|20000|18000|100000|65000|3000|100000|100000
2500000|3000000|2000000|600000|40000|300000|200000|40000|30000|15000|10000|7000|5000|2600|20000|23000|10000|180000|30000|100000|20000|150000|100000|65000|10000|70000|20000|18000|100000|65000|3000|100000|100000

XA002002|XA006001|XA007002|XA012001|XA013001|XA014002|XA028001|XA029001|XB017001|XB019003|XB023001|XD002001|YA101003|YA103001|YA164001|YA204003|YA208001|YA402001|YB001002|YB002002|YB007001|YB101003|YD002003|YD005002|YD006002|YD012001|YF001001|YF006001|YF007001|YF011001|YF017001|YF019001|YF023001|YF607002|ZA301101|ZA501101
2000000|1500000|3000000|1500000|200000|700000|700000|1000000|2500000|50000|400000|250000|30000|35000|15000|15000|150000|7500|2500|2000|20000|144000|10000|180000|30000|100000|20000|125000|60000|50000|7000|30000|32000|2000|100000|100000
2000000|1500000|3000000|1500000|200000|700000|700000|1000000|2500000|50000|400000|250000|30000|35000|15000|15000|150000|7500|2500|2000|20000|144000|10000|180000|30000|100000|20000|125000|60000|50000|7000|30000|32000|2000|100000|100000
2000000|1500000|3000000|1500000|200000|700000|700000|1000000|2500000|50000|400000|250000|30000|15000|15000|15000|150000|7500|2500|2000|20000|144000|10000|180000|30000|100000|20000|125000|60000|50000|10000|30000|32000|2000|100000|100000
2000000|1500000|3000000|1500000|200000|700000|700000|1000000|2500000|50000|400000|250000|30000|15000|15000|15000|150000|7500|2500|2000|20000|144000|10000|180000|30000|100000|20000|125000|60000|50000|10000|30000|32000|2000|100000|100000
1800000|1700000|3000000|1700000|200000|700000|750000|1000000|2500000|50000|400000|250000|30000|15000|15000|15000|150000|7500|2500|2000|20000|144000|10000|180000|30000|100000|20000|125000|60000|50000|10000|30000|32000|2000|100000|100000
2000000|1500000|3000000|1500000|200000|700000|700000|1000000|2500000|50000|400000|250000|30000|15000|15000|15000|150000|7500|2500|2000|20000|144000|10000|180000|30000|100000|20000|125000|60000|50000|10000|30000|32000|2000|100000|100000
2500000|3000000|5000000|1500000|200000|700000|700000|1000000|2500000|50000|400000|250000|40000|25000|15000|25000|150000|7500|2500|2000|20000|144000|10000|180000|30000|100000|20000|125000|60000|50000|10000|30000|32000|2000|100000|100000

XA002001|XA011001|XA028001|XB015001|XB019002|YA103001|YA108001|YA164001|YA204002|YA211001|YB002002|YB006001|YB101003|YD002003|YD005002|YD006002|YD012001|YF001001|YF006001|YF007001|YF011001|YF017001|YF018001|YF019001|YF020001|YF027001|YF031001|YF605001|YF607002|ZA301101|ZA501101
1500000|1700000|2500000|800000|80000|17000|5000|20000|15000|6000|2000|15000|800000|10000|180000|30000|85000|20000|100000|70000|140000|10000|60000|20000|3700000|90000|55000|3000|3000|100000|100000
1500000|1700000|2500000|800000|80000|17000|5000|20000|15000|6000|2000|15000|800000|10000|180000|30000|85000|20000|100000|70000|140000|10000|60000|20000|3700000|90000|55000|3000|3000|100000|100000
2800000|2000000|2500000|800000|80000|30000|6000|20000|15000|6000|2000|15000|800000|10000|180000|30000|85000|20000|100000|70000|150000|10000|60000|20000|3700000|90000|55000|3000|3000|100000|100000
2800000|2000000|2500000|800000|80000|30000|6000|20000|15000|6000|2000|15000|800000|10000|180000|30000|85000|20000|100000|70000|150000|10000|60000|20000|3700000|90000|35000|3000|3000|100000|100000
3000000|1800000|2500000|1000000|80000|25000|6000|20000|15000|6000|2000|15000|800000|10000|180000|30000|85000|20000|100000|70000|150000|10000|60000|20000|3700000|90000|55000|3000|3000|100000|100000
2800000|2000000|2500000|800000|80000|30000|6000|20000|15000|6000|2000|15000|800000|10000|180000|30000|85000|20000|100000|70000|150000|10000|60000|20000|3700000|90000|55000|3000|3000|100000|100000
3500000|2000000|2500000|800000|80000|40000|6000|20000|15000|6000|2000|15000|800000|10000|180000|30000|85000|20000|100000|70000|150000|10000|60000|20000|3700000|90000|55000|3000|3000|100000|100000

IA001006|IA002006|IB001003|IB003001|IB009001|JA101004|JA201002|JA204001|JA207001|JB001001|JB007001|JB101003|JD002002|JD005002|JD006002|JD012001|JF001001|JF002002|JF005001|JF007001|JF011001|JF017001|JF018001|JF019001|JF023001|KA301101|KA501101
560000|500000|500000|1400000|500000|14000|70000|50000|6000|3000|20000|185000|9000|180000|30000|85000|25000|2500|450000|150000|75000|5000|150000|30000|45000|100000|100000
560000|500000|500000|1400000|500000|14000|70000|50000|6000|3000|20000|185000|9000|180000|30000|85000|25000|2500|450000|150000|75000|5000|150000|30000|45000|100000|100000
560000|500000|500000|1400000|400000|14000|70000|50000|6000|3000|20000|185000|9000|180000|30000|85000|30000|2500|500000|150000|75000|5000|150000|30000|45000|100000|100000
560000|500000|500000|1400000|400000|14000|70000|50000|6000|3000|20000|185000|9000|180000|30000|85000|30000|2500|500000|150000|75000|5000|150000|30000|45000|100000|100000
500000|450000|500000|1400000|400000|14000|70000|50000|6000|3000|20000|185000|10000|180000|30000|85000|30000|2500|500000|150000|75000|5000|150000|30000|45000|100000|100000
560000|500000|500000|1400000|400000|14000|70000|50000|6000|3000|20000|185000|10000|180000|30000|85000|30000|2500|500000|150000|75000|5000|150000|30000|45000|100000|100000
560000|500000|500000|1400000|400000|14000|70000|50000|6000|3000|20000|185000|10000|180000|30000|85000|30000|2500|500000|150000|75000|5000|150000|30000|45000|100000|100000

IA001006|IA002006|IB001003|IB006002|IB009001|JA101004|JA102004|JA201002|JA202001|JA207001|JB001001|JB007001|JB101003|JD002002|JD004001|JD005002|JD006002|JD013001|JF001001|JF002002|JF005002|JF007001|JF011001|JF017001|JF018001|JF019001|JF020001|JF023001|JF029001|KA301101|KA501101
500000|420000|320000|1000000|350000|10000|10000|5000|8000|3500|2500|35000|225000|10000|35000|180000|30000|90000|15000|4000|100000|150000|85000|5000|45000|28000|3000000|10000|3000|100000|100000
500000|420000|320000|1000000|350000|10000|10000|5000|8000|3500|2500|35000|225000|10000|35000|180000|30000|90000|15000|4000|100000|150000|85000|5000|45000|28000|3000000|10000|3000|100000|100000
500000|420000|320000|1000000|350000|10000|10000|5000|8000|3500|2500|40000|250000|10000|35000|180000|30000|90000|15000|5000|100000|150000|100000|7000|50000|35000|3500000|11000|3000|100000|100000
500000|420000|320000|1000000|350000|10000|10000|5000|8000|3500|2500|40000|250000|10000|35000|180000|30000|90000|15000|5000|100000|150000|100000|7000|50000|35000|3500000|11000|3000|100000|100000
500000|420000|320000|1000000|350000|10000|10000|5000|8000|3500|2500|40000|250000|10000|35000|180000|30000|90000|15000|5000|100000|150000|100000|7000|50000|35000|3500000|11000|3000|100000|100000
500000|420000|320000|1000000|350000|10000|10000|5000|8000|3500|2500|40000|250000|10000|35000|180000|30000|90000|15000|5000|100000|150000|100000|7000|50000|35000|3500000|11000|3000|100000|100000
500000|420000|320000|1000000|350000|15000|15000|5000|8000|3500|2500|40000|280000|10000|35000|180000|30000|90000|20000|5000|100000|150000|100000|7000|50000|35000|3500000|11000|3000|100000|100000

IA001001|IA002001|IB001003|IB003001|IB006001|JA101004|JA201002|JA202001|JA204001|JB001002|JB007001|JB101003|JB102002|JD002002|JD004001|JD005003|JD006003|JD013001|JF001001|JF002001|JF005001|JF007001|JF012001|JF017002|JF018001|JF019001|JF020001|JF023001|JF029001|KA301101|KA501101
550000|550000|1600000|2000000|1200000|12000|16000|12000|20000|3000|20000|145000|140000|10000|35000|120000|35000|30000|15000|2000|150000|120000|200000|50000|150000|35000|3500000|33000|3000|100000|100000
550000|550000|1600000|2000000|1200000|12000|16000|12000|20000|3000|20000|145000|140000|10000|35000|120000|35000|30000|15000|2000|150000|120000|200000|50000|150000|35000|3500000|33000|3000|100000|100000
550000|550000|1600000|2000000|1200000|12000|16000|12000|20000|3000|20000|160000|140000|10000|35000|120000|35000|30000|15000|2000|150000|120000|200000|50000|150000|35000|4000000|33000|3000|100000|100000
550000|550000|1600000|2000000|1200000|12000|16000|12000|20000|3000|20000|160000|140000|10000|35000|120000|35000|30000|15000|2000|150000|120000|200000|50000|150000|35000|4000000|33000|3000|100000|100000
550000|550000|1600000|2000000|1200000|15000|16000|10000|20000|3000|20000|145000|140000|10000|35000|120000|35000|30000|15000|2000|150000|120000|200000|50000|150000|35000|4000000|33000|3000|100000|100000
550000|550000|1600000|2000000|1200000|12000|16000|12000|20000|3000|20000|160000|140000|10000|35000|120000|35000|30000|15000|2000|150000|120000|200000|50000|150000|35000|4000000|33000|3000|100000|100000
550000|550000|1600000|2000000|1200000|12000|16000|12000|20000|3000|20000|160000|140000|10000|35000|120000|35000|30000|15000|2000|150000|120000|200000|50000|150000|35000|4000000|33000|3000|100000|100000










