RB029001|RB040001|RB047001|RB053001|RB055001|RB056001|RB058001|RB063001|RB072004|RB085001|RB096001|RB099001|RB104001|RB108001|RB109004|RB110001|RB111001|RB113001|SB001006|SB002001|SB003002|SC003002|SC004001|SC011004|SC016001|SC018001|SC020001|SC021001|SC028001|SC034002|SC038001|SC602001|SE002001|SE006001|SE007001|SE007002|SE007003|SE016002|SF501101
22000|27000|30000|35000|45000|20000|18000|25000|15000|35000|33000|8000|30000|425000|135000|95000|125000|75000|50000|7650|5150|130000000|3000000|120000|70000|15000|950000|80000|5000|15000000|70000|1000000|1000|7000|500000|800000|1500000|75000|500000
20000|25000|25000|30000|40000|15000|20000|15000|17000|35000|35000|10000|25000|400000|120000|80000|120000|65000|50000|7650|5150|130000000|3000000|120000|70000|15000|950000|80000|5000|15000000|70000|1000000|1000|7000|500000|800000|1500000|75000|500000
25000|25000|20000|30000|45000|18000|15000|18000|15000|30000|38000|15000|30000|450000|125000|120000|135000|60000|50000|7650|5150|130000000|3000000|120000|70000|15000|950000|80000|5000|15000000|70000|1000000|1000|7000|500000|800000|1500000|75000|400000
20000|20000|25000|25000|40000|15000|15000|10000|17000|35000|40000|10000|25000|350000|120000|60000|110000|40000|50000|7650|5150|130000000|300000|120000|70000|15000|1000000|80000|7000|15000000|70000|1000000|1000|7000|500000|800000|1500000|75000|500000
10000|15000|25000|25000|40000|10000|15000|20000|12000|35000|40000|7000|25000|300000|130000|80000|120000|45000|40000|7650|5150|130000000|3000000|120000|70000|10000|1000000|85000|7000|15000000|85000|1200000|1000|7000|700000|850000|1500000|75000|300000
15000|20000|25000|25000|40000|10000|15000|20000|17000|35000|40000|10000|25000|350000|150000|80000|120000|50000|40000|7650|5150|130000000|3500000|120000|70000|10000|1000000|85000|7000|15000000|85000|1200000|1000|7000|700000|850000|1500000|75000|400000
20000|18000|25000|25000|42000|15000|15000|20000|15000|30000|30000|10000|25000|350000|180000|40000|80000|60000|40000|7650|5150|150000000|4000000|130000|75000|10000|1000000|100000|7000|18000000|85000|1200000|1000|7000|700000|850000|1500000|75000|400000

RB042005|RB047001|RB076001|RB113001|RB131001|SB001006|SB002003|SB003002|SB007002|SC003002|SC010004|SC011002|SC011004|SC018001|SC020001|SC034002|SC602001|SE002001|SE004004|SE007001|SE007003|SE016002|SF501101
50000|45000|65000|75000|75000|150000|7650|7000|20000|150000000|240000|800000|110000|10000|1600000|12000000|900000|15000|25000|700000|3000000|70000|200000
45000|45000|60000|60000|70000|150000|7650|7000|20000|150000000|240000|800000|110000|10000|1600000|12000000|900000|15000|25000|700000|3000000|70000|200000
55000|35000|70000|65000|80000|150000|7650|7000|20000|150000000|240000|800000|110000|10000|1600000|12000000|900000|15000|25000|700000|3000000|70000|300000
55000|35000|70000|60000|80000|150000|7650|7000|20000|180000000|250000|850000|120000|15000|1800000|13500000|1000000|15000|30000|1000000|3000000|85000|400000
45000|28000|65000|45000|70000|170000|7650|7000|20000|180000000|280000|850000|120000|15000|1800000|13500000|1000000|15000|35000|1300000|3500000|85000|300000
50000|25000|65000|50000|70000|170000|7650|7000|20000|180000000|280000|850000|120000|15000|1800000|13500000|1000000|15000|35000|1300000|3500000|85000|350000
65000|20000|65000|45000|70000|170000|7650|7000|20000|200000000|300000|850000|120000|15000|1800000|14000000|1000000|15000|35000|1300000|3500000|85000|200000

TC011002|UA210002|UB003001|UB105001|UB202001|UC001001|UD002003|UD005002|UD005003|UE015001|UE020001|UE022002|UE028001|UE605001|UE606001|UE608003|UE609001|UE611001|UG006003|UH201101|UH401101|UH501101|UH601101|UH011101
48000|49000|4000|100000|14600|1000000|7650|50000|60000|75000|670000|35000000|2100000|15000|10000|550000|10000|8500000|430000|16666|16666|16666|125000|16666
49000|49000|4000|110000|14600|1000000|7650|50000|60000|75000|670000|35000000|2100000|15000|10000|550000|10000|8500000|430000|16666|16666|16666|125000|16666
51000|49000|4000|110000|14600|1000000|7650|50000|60000|75000|670000|35000000|2100000|15000|10000|550000|10000|8500000|430000|16666|16666|16666|125000|16666
53000|49000|4000|110000|15100|1000000|7650|50000|60000|75000|700000|35000000|2100000|15000|10000|550000|10000|8500000|450000|16666|16666|16666|150000|16666
53000|49000|4000|110000|15100|1000000|7650|30000|100000|75000|700000|35000000|2100000|15000|15000|570000|10000|8700000|500000|16666|16666|16666|150000|16666
55000|49000|4000|120000|15100|1000000|7650|30000|100000|75000|700000|35000000|2100000|15000|15000|570000|10000|8700000|500000|16666|16666|16666|150000|16666
55000|49000|4500|120000|15500|1000000|7650|30000|100000|75000|700000|35000000|2100000|15000|15000|570000|10000|8700000|500000|16666|16666|16666|150000|16666

RB005001|RB008001|RB012001|RB017001|RB020001|RB024001|RB029001|RB037001|RB040001|RB042005|RB047001|RB053001|RB055001|RB056001|RB058001|RB063001|RB072004|RB076001|RB085001|RB096001|RB099001|RB104001|RB108001|RB109004|RB110001|RB111001|RB113001|RB114001|RB115001|RB115002|RB117001|RB131001|SB001006|SB002003|SB003002|SB007002|SC003002|SC006001|SC011002|SC011004|SC016001|SC018001|SC020001|SC021001|SC025001|SC028001|SC034002|SC038001|SC040001|SC601001|SC602001|SE002001|SE006001|SE007001|SE007002|SE007003|SE011001|SE016002|SE017001|SE017002|SF501101
38000|40000|20000|30000|55000|28000|18000|25000|20000|50000|20000|20000|35000|20000|12000|35000|18000|50000|28000|30000|8000|30000|380000|100000|120000|130000|80000|80000|8000|8000|75000|70000|200000|7650|7000|20000|500000000|25000000|800000|120000|150000|45000|1000000|85000|75000|15000|45000000|85000|225000|25000|2000000|15000|7000|1500000|1200000|6000000|50000|85000|7000|15000|200000
35000|35000|25000|28000|50000|25000|15000|20000|25000|55000|18000|25000|30000|25000|10000|28000|15000|45000|25000|35000|12000|28000|410000|110000|120000|130000|75000|85000|8000|8000|75000|75000|200000|7650|7000|20000|500000000|25000000|800000|120000|150000|45000|1000000|85000|75000|15000|45000000|85000|225000|25000|2000000|15000|7000|1500000|1200000|6000000|50000|85000|7000|15000|200000
40000|38000|25000|35000|55000|30000|17000|23000|25000|60000|15000|22000|45000|25000|15000|33000|20000|48000|23000|38000|12000|35000|430000|120000|110000|125000|70000|65000|10000|10000|75000|75000|200000|7650|7000|20000|500000000|30000000|800000|120000|150000|45000|1000000|85000|75000|15000|45000000|85000|225000|25000|2000000|15000|7000|1500000|1200000|6000000|50000|85000|7000|15000|200000
37000|40000|25000|35000|30000|27000|20000|18000|20000|50000|12000|25000|45000|25000|15000|35000|20000|45000|20000|35000|10000|30000|450000|110000|100000|115000|55000|60000|8000|8000|70000|75000|200000|7650|7000|20000|500000000|30000000|800000|150000|150000|45000|1000000|85000|75000|15000|45000000|85000|240000|25000|2000000|15000|7000|1800000|1200000|4000000|50000|85000|7000|15000|400000
35000|30000|20000|25000|25000|22000|15000|12000|15000|45000|10000|20000|45000|22000|12000|35000|15000|45000|15000|30000|8000|25000|450000|100000|85000|110000|45000|55000|8000|8000|65000|65000|200000|7650|7000|20000|500000000|30000000|800000|150000|150000|45000|1000000|85000|75000|15000|45000000|85000|240000|25000|2000000|15000|7000|1800000|1200000|4000000|50000|85000|7000|15000|350000
35000|30000|18000|25000|20000|20000|15000|12000|20000|50000|12000|20000|45000|25000|15000|35000|15000|45000|20000|30000|8000|25000|450000|110000|85000|120000|50000|55000|8000|8000|65000|65000|200000|7650|7000|20000|500000000|30000000|800000|150000|150000|45000|1000000|85000|75000|15000|45000000|85000|240000|25000|2000000|15000|7000|1800000|1200000|4000000|50000|85000|7000|15000|400000
35000|35000|20000|25000|20000|20000|20000|15000|20000|60000|15000|20000|45000|25000|15000|35000|18000|45000|20000|30000|10000|30000|450000|120000|45000|85000|40000|50000|10000|10000|55000|65000|200000|7650|7000|20000|520000000|33000000|800000|150000|150000|45000|1000000|85000|75000|15000|45000000|85000|240000|25000|2000000|15000|7000|1800000|1200000|4000000|50000|85000|7000|15000|300000

TC011002|UA210002|UB003001|UB105001|UB202002|UD002003|UD005002|UD005003|UE008004|UE010002|UE015001|UE018001|UE019001|UE020001|UE022002|UE026001|UE028001|UE605001|UE606001|UE608003|UE609001|UE611001|UG006003|UH201101|UH401101|UH501101|UH601101|UH011101
60000|42000|5000|120000|17000|7650|30000|50000|70000|50000|85000|65000|70000|750000|22000000|15000|1800000|15000|10000|450000|8000|7500000|500000|150000|20000|20000|150000|20000
60000|42000|5000|120000|17000|7650|30000|50000|70000|50000|85000|65000|70000|750000|22000000|15000|1800000|15000|10000|450000|8000|7500000|500000|150000|20000|20000|150000|20000
60000|42000|5000|120000|17000|7650|30000|50000|70000|50000|85000|65000|70000|750000|22000000|15000|1800000|15000|10000|450000|8000|7500000|500000|150000|20000|20000|150000|20000
63000|42000|5000|120000|17000|7650|30000|50000|70000|50000|85000|65000|70000|750000|22000000|15000|1800000|15000|10000|450000|8000|7500000|500000|150000|20000|20000|150000|20000
63000|42000|5000|125000|17000|7650|30000|50000|70000|50000|85000|65000|70000|750000|22000000|15000|1800000|15000|10000|450000|8000|7500000|500000|150000|20000|20000|150000|20000
63000|42000|5000|125000|18000|7650|30000|60000|70000|50000|85000|65000|70000|750000|22000000|15000|1800000|15000|10000|450000|8000|7500000|500000|150000|20000|20000|150000|20000
63000|42000|5000|125000|18000|8700|30000|60000|70000|50000|85000|65000|70000|750000|22000000|15000|1800000|15000|10000|450000|8000|7500000|500000|150000|20000|20000|150000|20000

TB003005|UA102005|UB204001|UD002003|UD005002|UD005003|UE008004|UE010002|UE015001|UE018001|UE020001|UE028001|UE605001|UE606001|UE608003|UE609001|UE611001|UG003001|UG006003|UH201101|UH401101|UH501101|UH601101|UH011101
110000|4200000|3500|7650|30000|80000|70000|55000|120000|55000|1200000|1500000|10000|8000|550000|10000|9500000|15000|800000|150000|30000|30000|200000|30000
110000|4200000|2000|7650|30000|80000|70000|55000|120000|55000|1200000|1500000|10000|8000|550000|10000|9500000|15000|800000|150000|30000|30000|200000|30000
115000|4200000|2500|7650|30000|80000|70000|55000|120000|55000|1200000|1500000|10000|8000|550000|10000|9500000|15000|800000|150000|30000|30000|200000|30000
125000|4200000|4000|7650|30000|80000|70000|55000|120000|55000|1200000|1500000|10000|8000|600000|10000|9500000|15000|800000|150000|30000|30000|200000|30000
120000|4200000|2500|7650|50000|80000|70000|65000|120000|55000|1200000|1500000|10000|8000|600000|10000|9500000|15000|800000|150000|30000|30000|200000|30000
130000|4200000|2000|7650|50000|80000|70000|65000|120000|55000|1200000|1500000|10000|8000|600000|10000|9500000|15000|800000|150000|30000|30000|200000|30000
130000|5600000|2500|7650|20000|80000|70000|65000|120000|55000|1200000|1500000|10000|8000|600000|10000|9500000|15000|800000|150000|30000|30000|200000|30000

OC008001|PA621001|PB102004|PB107001|PB201001|PB205003|PC002001|PC601001|PD002003|PD008001|PD009001|PD601001|PD601003|PE002001|PE004001|PE013001|PE602001|PE610001|PF016002
26250|70000|35000|250000|3200|7500|1200000|1500000|7650|170000|33000|10000|60000|50000|35000|35000|10000|1500000|1352
26250|70000|35000|250000|3200|7500|1200000|1500000|7650|170000|33000|10000|60000|50000|35000|35000|10000|1500000|1352
26250|70000|35000|250000|3500|7500|1200000|1500000|7650|170000|33000|10000|60000|50000|35000|35000|10000|1500000|1352
28500|70000|35000|250000|3800|7500|1200000|1500000|7650|170000|35000|10000|50000|50000|35000|35000|10000|1500000|1352
32250|70000|37000|250000|4800|7700|1200000|1500000|7650|170000|35000|15000|60000|75000|35000|35000|10000|1700000|1352
34500|70000|37000|250000|4800|7700|1200000|1500000|7650|170000|35000|15000|60000|75000|35000|35000|10000|1700000|1352
35250|78000|37000|250000|4800|7700|1200000|1500000|8700|170000|35000|15000|60000|75000|35000|35000|10000|1700000|1352

OB001004|PA618002|PB102004|PB113001|PB201001|PD002003|PD008001|PD009001|PD601001|PD601003|PE001001|PE013001|PE614001|PF005001|PF015001|PF016001|PF019001|PF022001
2500000|600000|15000|25000|3200|7650|170000|33000|10000|60000|5000|35000|10000|18000|8000|415|2000|150000
2500000|600000|15000|25000|3200|7650|170000|33000|10000|60000|5000|35000|10000|18000|8000|415|2000|150000
1500000|600000|15000|25000|3200|7650|170000|33000|10000|60000|5000|35000|10000|12000|8000|415|2000|150000
2000000|1000000|17000|25000|4000|8700|170000|35000|10000|50000|5000|35000|25000|12000|8000|415|2000|150000
2000000|1200000|20000|25000|4000|8700|170000|35000|10000|50000|5000|35000|30000|12000|10000|415|2000|150000
2200000|1000000|20000|25000|4000|8700|170000|35000|10000|50000|5000|35000|30000|12000|10000|415|2000|150000
2000000|1100000|25000|25000|4500|8700|175000|40000|10000|50000|5000|35000|30000|12000|10000|415|2000|150000

OA002005|PA615002|PA701002|PB102004|PB113001|PB165001|PB201001|PD002003|PD008001|PD009002|PD601001|PD601003|PE001001|PE013001|PE614001|PF005001|PF015001|PF016001
25000000|7500000|8000000|15000|25000|80000|3500|7650|170000|33000|10000|60000|5000|35000|10000|18000|8000|415
25000000|7500000|8000000|15000|25000|80000|3200|7650|170000|33000|10000|60000|5000|35000|10000|18000|8000|415
23000000|7500000|8000000|15000|25000|80000|3200|7650|170000|33000|10000|60000|5000|35000|10000|18000|8000|415
23000000|7500000|8000000|15000|25000|80000|4000|7650|170000|35000|10000|30000|5000|35000|25000|15000|8000|415
21000000|10000000|8500000|20000|25000|80000|4000|8700|170000|35000|10000|30000|5000|35000|30000|15000|10000|415
20000000|11000000|8000000|25000|25000|100000|4000|8700|170000|35000|10000|30000|5000|35000|30000|15000|10000|415
20000000|10000000|7000000|25000|25000|100000|4500|8700|175000|40000|10000|30000|5000|35000|30000|15000|10000|415

BA002001|BA004004|BA005004|BA006001|BA006002|BA007004|BA009002|BA013003|BA014001|BA014006|BA014007|BA015001|BA016004|BA017001|BA017004|BA018002|BA021001|BA021002|BA021003|BA023001|BA024001|BA024002|BA024003|BA026002|BA030002|BA032001|BA701003|BA702003|BA705001|BA705002|Ba705003|BA706003|BA708001|BA711001|BA712001|BD006001|BD006002|CD003001|CD003002|CD003003|CD003004|CD003005|DA002001|DA004001|DA006001|DA006002|DA008002|DC503001|DC504001|EA002001|EA002002|EA003001|EA004002|EA004003|EA008001|EA008002|EC501001|EC501003|FA001001|FA001002|FA003002|FA003003|FA006001|FA006002|FA008001|FA008002|FA012001|FC002002|FC002003|FC003002|FC005001|FC009001|FC009002|FC010001|FC011001|FC015001|FC016001|FC702001|FD002001|FD002002
225000|38000|75000|20000|15000|30000|6000|450000|55000|42000|45000|4000|75000|130000|150000|70000|25000|20000|20000|150000|55000|85000|35000|400000|50000|275000|250000|350000|25000|135000|85000|500000|400000|22000|50000|2000000|1500000|50000|75000|40000|40000|40000|50000|50000|1500000|2300000|150000|10000|10000|3000000|5000000|250000|350000|500000|120000|95000|5000|5000|5000|3000|7650|10000|5000|3000|10000|5000|15000|170000|170000|33000|70000|260000|185000|15000|45000|20000|10000|10000|5000|10000
225000|38000|75000|20000|15000|30000|6000|450000|55000|42000|45000|4000|75000|130000|150000|70000|25000|20000|20000|150000|55000|85000|35000|400000|50000|275000|250000|350000|25000|135000|85000|500000|400000|22000|50000|2000000|1500000|50000|75000|40000|40000|40000|50000|50000|1500000|2300000|150000|10000|10000|3000000|5000000|250000|350000|500000|120000|95000|5000|5000|5000|3000|7650|10000|5000|3000|10000|5000|15000|170000|170000|33000|70000|260000|185000|15000|45000|20000|10000|10000|5000|10000
225000|38000|75000|20000|15000|30000|6000|450000|55000|42000|45000|4000|75000|130000|150000|70000|25000|20000|20000|150000|55000|85000|35000|400000|50000|275000|250000|350000|25000|135000|85000|500000|400000|22000|50000|2000000|1500000|50000|75000|40000|40000|40000|50000|50000|1500000|2300000|150000|10000|10000|3000000|5000000|250000|350000|500000|120000|95000|5000|5000|5000|3000|7650|10000|5000|3000|10000|5000|15000|170000|170000|33000|70000|260000|185000|15000|45000|20000|10000|10000|5000|10000
225000|38000|80000|20000|15000|35000|6000|450000|55000|42000|45000|4000|75000|130000|150000|70000|25000|20000|20000|150000|55000|85000|35000|400000|50000|275000|250000|350000|25000|135000|85000|500000|400000|22000|50000|2300000|2000000|50000|75000|40000|60000|40000|50000|60000|1800000|2500000|150000|10000|10000|3000000|5000000|250000|350000|500000|120000|95000|5000|5000|5000|3000|8700|10000|5000|3000|10000|5000|15000|170000|170000|33000|70000|260000|185000|15000|45000|25000|15000|10000|5000|10000
230000|40000|80000|20000|15000|35000|6000|470000|55000|42000|45000|4000|80000|130000|150000|75000|25000|20000|20000|150000|55000|85000|35000|420000|55000|280000|250000|350000|30000|140000|90000|500000|400000|25000|50000|2300000|2000000|60000|75000|50000|100000|45000|70000|60000|1800000|2500000|200000|15000|15000|3000000|5000000|250000|350000|500000|120000|95000|5000|5000|5000|3000|8700|12500|5000|3000|15000|5000|25000|170000|170000|35000|100000|300000|200000|15000|45000|25000|15000|10000|5000|10000
250000|42000|80000|20000|15000|37000|6500|480000|60000|42000|45000|4200|85000|140000|155000|80000|25000|20000|20000|150000|55000|85000|35000|425000|55000|300000|250000|350000|30000|150000|95000|500000|410000|25000|50000|2300000|2000000|60000|75000|50000|100000|45000|70000|60000|1800000|2500000|200000|15000|15000|3000000|5000000|250000|350000|500000|120000|95000|5000|5000|5000|3000|8700|12500|5000|3000|15000|5000|25000|170000|170000|35000|150000|300000|200000|15000|45000|30000|15000|10000|5000|10000
250000|42000|80000|20000|15000|37000|6500|480000|60000|42000|45000|4200|85000|140000|155000|80000|25000|20000|20000|150000|55000|85000|35000|425000|55000|300000|250000|350000|30000|150000|95000|500000|410000|25000|50000|2300000|2000000|60000|75000|50000|100000|45000|70000|60000|1800000|2500000|200000|15000|15000|3000000|5000000|250000|350000|500000|120000|95000|5000|5000|5000|3000|8700|12500|5000|3000|15000|5000|25000|175000|175000|40000|150000|300000|200000|17000|45000|30000|15000|12000|5000|10000

BB001001|BB002001|BB002002|BB002003|BB004001|BB005001|BB005002|BB006001|BB006002|BB007002|BB008001|BB009001|BB009002|BB010001|BB010002|BB011003|BB012002|BB013001|BB016001|BB017001|BB703001|BC003004|BC003005|BC004002|BC008002|BC009003|BC010003|BC011003|BC012003|BC013003|BC016001|BC019002|BC021001|BC022001|BC024002|BC024004|BC025001|BC025004|BC027003|BC029001|BC030001|BC030003|BC034001|BC034002|BC035002|BC036003|BC040001|BC040002|BC042001|BC044001|BC045001|BC046002|BC047001|BC049002|BC051002|BC052001|BC053001|BC053002|BC701001|BC701002|BC702002|BC702003|BC703002|BC705001|BC705002|BC707001|BC710001|BC712002|BC713001|BC715001|BC716001|BD001001|BD001002|BD001003|BD003002|BD004004|BD005001|BD005002|BD007001|BD007002|BD009001|BD010002|BD011001|BD012001|BD013002|BD701002|BD701003|CA001003|CA002003|CA003003|CA006003|CA013003|CA015003|CA016003|CA017003|CA018003|CA019003|CA021001|CA022001|CA023001|CA024001|CA025001|CA027001|CA028001|CA701002|CA702001|CA703001|CA703004|CA704001|CA704002|CB003003|CB004001|CB007004|CB008001|CB008002|CB009002|CB010002|CB011001|CB013001|CB014001|CB015001|CB016001|CB017001|CB018001|CB019001|CB020001|CB021001|CB023001|CB024001|CB025001|CB027001|CB027002|CC001001|CC002003|CC003002|CC004001|CC004002|CC007003|CC008003|CC009002|CC010002|CC011001|CC012001|CC013001|CC014001|CC015001|CC016001|CC017001|CC017002|CC019001|CC019002|CD001002|CD001003|CD001004|CD002001|CD002002|CD004004|CD022001|CD023001|CD023002|CD025001|CD026001|CD026002|CD026003|CD028001|CD029001|DB001001|DB001002|DB001003|DB002002|DB003001|DB003003|DB004002|DB005001|DB006001|DB007001|DB008002|DB009001|DB012001|DB012002|DB701001|DB702001|DB703001|DC001001|DC002001|DC002002|DC002003|DC002004|DC002005|DC003001|DC004003|DC008002|DC008003|DC009001|DC009002|DC011001|DC011002|DC011003|DC012001|DC012002|DC013001|DC013002|DC701001|DC701002|DC702001|DC703001|DC703002|DC704002|DC705001|DC705002|DC706002|DC706003|DC707001|EB004001|EB005001|EB005002|EB005003|EB006002|EB006004|EB007001|EB007002|EB008001|EB008002|EB008003|EB009004|EB010001|EB010002|EB010003|EB011001|EB012001|EB012002|EB013001|EB701001|EB701002|CD702001|CD704001|EC003001|EC005002|EC005003|EC008001|EC010001|EC010002|EC014001|EC015001|EC016001|EC017001|EC701001|EC702001|EC703001|EC704001|ED001001|ED002001|ED002002|ED003001|ED003002|ED004001|ED005001|ED005002|ED005003|ED006001|ED007001|ED007002
15000|6000|7000|5000|3000|21000|8000|415|1352|8000|16000|170000|20000|10000|8000|25000|5000|35000|7000|2000|2000|2000000|1000000|35000|280000|3000|6500|17500|22000|5500|1200000|75000|12000|15000|65000|10000|6000|10000|25000|3000|5000|5000|35000|12000|280000|65000|100000|300000|350000|2400000|25000|270000|1800000|1400000|35000|500000|250000|300000|250000|300000|350000|750000|200000|230000|120000|650000|340000|1500000|15000|65000|150000|30000|19000|19000|6000|4000|500|500|500|15000|2500|15000|29000|2000|11000|25000|23000|70000|65000|25000|45000|25000|70000|75000|15000|8000|110000|250000|150000|150000|45000|65000|175000|80000|95000|65000|110000|230000|70000|35000|85000|15000|25000|175000|150000|65000|15000|80000|9000|130000|20000|135000|40000|250000|170000|95000|15000|75000|125000|350000|130000|45000|45000|35000|55000|100000|110000|35000|5000|5000|85000|35000|85000|65000|140000|90000|55000|2000|2000|45000|65000|590000|915000|450000|3500|3000|55000|25000|20000|25000|12000|25000|18000|5000|30000|60000|2500|2000|2500|3000|1500|2500|11500|3000|7000|8500|6000|10500|1500|2000|28000|27500|5000|4500|3000|3500|2500|2500|2500|1500|7500|15000|11000|14000|8000|12000|12000|16000|3500|4000|3500|4500|7000|13000|7500|14000|14000|28000|20000|35000|7000|14000|18000|4000|2500|12000|14000|3000|3000|45000|75000|2000|2000|2000|1000|80000|110000|120000|110000|3500|3000|250|6395000|5200000|400000|85000|395000|1500000|1450000|15000|1249000|349000|110000|725000|1500000|975000|20000|600000|50000|1300000|85000|280000|159000|250000|225000|180000|280000|95000|20000|60000|60000|60000
15000|6000|7000|5000|3000|21000|8000|415|1352|8000|16000|170000|20000|10000|8000|25000|5000|35000|7000|2000|2000|2000000|1000000|35000|310000|3000|6500|17500|22000|5500|1200000|75000|12000|15000|65000|10000|6000|10000|25000|3000|5000|5000|35000|12000|280000|65000|100000|300000|350000|2400000|25000|270000|1800000|1400000|35000|500000|250000|300000|250000|300000|350000|750000|200000|230000|120000|650000|340000|1500000|15000|65000|150000|30000|19000|19000|6000|4000|500|500|500|15000|2500|15000|29000|2000|11000|25000|23000|70000|65000|25000|45000|25000|70000|75000|15000|8000|110000|250000|150000|150000|45000|65000|175000|80000|95000|65000|110000|230000|70000|35000|85000|15000|25000|175000|150000|65000|15000|80000|9000|130000|20000|135000|40000|250000|170000|95000|15000|75000|125000|350000|130000|45000|45000|35000|55000|100000|110000|35000|5000|5000|85000|35000|85000|65000|140000|90000|55000|2000|2000|45000|65000|590000|915000|450000|3500|3000|55000|25000|20000|25000|12000|25000|18000|5000|30000|60000|2500|2000|2500|3000|1500|2500|11500|3000|7000|8500|6000|10500|1500|2000|28000|27500|5000|4500|3000|3500|2500|2500|2500|1500|7500|15000|11000|14000|8000|12000|12000|16000|3500|4000|3500|4500|7000|13000|7500|14000|14000|28000|24000|35000|7000|14000|18000|4000|2500|12000|14000|3000|3000|45000|75000|2000|2000|2000|1000|80000|110000|120000|110000|3500|3000|250|6395000|5200000|400000|85000|395000|1500000|1450000|15000|1249000|349000|110000|725000|1500000|975000|20000|600000|50000|1300000|85000|280000|159000|250000|225000|180000|280000|95000|20000|60000|60000|60000
15000|6000|7000|5000|3000|21000|8000|415|1352|8000|16000|170000|20000|10000|8000|25000|5000|35000|7000|2000|2000|2000000|1000000|35000|310000|3000|6500|17500|22000|5500|1200000|75000|12000|15000|65000|10000|6000|10000|25000|3000|5000|5000|35000|12000|280000|65000|100000|300000|350000|2400000|25000|270000|1800000|1400000|35000|500000|250000|300000|250000|300000|350000|750000|200000|230000|120000|650000|340000|1500000|15000|65000|150000|30000|19000|19000|6000|4000|500|500|500|15000|2500|15000|29000|2000|11000|25000|23000|70000|65000|25000|45000|25000|70000|75000|15000|8000|110000|250000|150000|150000|45000|65000|175000|80000|95000|65000|110000|230000|70000|35000|85000|15000|25000|175000|150000|65000|15000|80000|9000|130000|20000|135000|40000|250000|170000|95000|15000|75000|125000|350000|130000|45000|45000|35000|55000|100000|110000|35000|5000|5000|85000|35000|85000|65000|140000|90000|55000|2000|2000|45000|65000|580000|900000|420000|3500|3000|55000|25000|20000|25000|12000|25000|18000|5000|30000|60000|2500|2000|2500|3000|1500|2500|11500|3000|7000|8500|6000|10500|1500|2000|28000|27500|5000|4500|3000|3500|2500|2500|2500|1500|7500|15000|11000|14000|8000|12000|12000|16000|3500|4000|3500|4500|7000|13000|7500|14000|14000|28000|24000|35000|7000|14000|18000|4000|2500|12000|14000|3000|3000|45000|75000|2000|2000|2000|1000|80000|110000|120000|110000|3500|3000|250|6395000|5200000|400000|85000|395000|1500000|1450000|15000|1249000|349000|110000|725000|1500000|975000|20000|600000|50000|1300000|85000|280000|159000|250000|225000|180000|280000|95000|20000|60000|60000|60000
15000|6000|7000|8000|3000|21000|8000|415|1352|8000|16000|170000|20000|10000|8000|25000|5000|45000|7000|2500|2000|2200000|1500000|40000|310000|3000|7000|20000|25000|6000|1300000|75000|15000|18000|65000|10000|8000|12000|25000|3000|5000|5000|35000|15000|300000|70000|150000|300000|380000|2400000|35000|270000|2000000|1500000|35000|700000|280000|300000|280000|300000|350000|750000|250000|250000|140000|800000|320000|2000000|15000|70000|200000|30000|19000|19000|6000|4000|1000|1000|500|15000|3000|15000|29000|2000|11000|25000|23000|70000|65000|25000|45000|30000|75000|80000|15000|10000|125000|280000|170000|180000|50000|65000|180000|100000|110000|80000|120000|250000|70000|35000|110000|15000|30000|175000|150000|70000|15000|80000|9000|150000|25000|150000|50000|260000|170000|95000|15000|75000|125000|380000|130000|45000|55000|35000|55000|100000|110000|35000|5000|5000|85000|35000|85000|70000|150000|100000|65000|2000|2000|45000|65000|580000|900000|420000|3500|3000|70000|35000|25000|28000|15000|25000|18000|5000|35000|65000|2500|2000|2500|3000|1500|2500|11500|3000|7000|8500|6000|10500|1500|2000|28000|27500|5000|4500|3000|3500|2500|2500|2500|1500|7500|15000|11000|14000|8000|12000|12000|16000|3500|4000|3500|4500|7000|13000|7500|14000|14000|28000|24000|35000|7000|14000|18000|4000|2500|12000|14000|3000|3000|45000|75000|2000|2000|2000|1000|80000|110000|120000|110000|3500|3000|250|6200000|5000000|400000|85000|400000|1500000|1450000|15000|1300000|400000|110000|750000|1600000|1000000|25000|600000|70000|1500000|85000|280000|165000|250000|225000|180000|280000|95000|20000|60000|60000|60000
17000|6000|7000|8000|3000|25000|10000|415|1352|8000|18000|170000|20000|10000|8000|25000|5000|50000|7000|2500|2000|2200000|1500000|42000|330000|3000|7000|22000|25000|8000|1500000|75000|20000|20000|65000|10000|8000|15000|25000|4000|5000|7000|35000|15000|300000|70000|150000|300000|400000|2500000|40000|300000|2000000|1500000|35000|700000|280000|300000|280000|300000|350000|750000|280000|250000|150000|800000|320000|2200000|20000|80000|200000|30000|19000|19000|6000|4500|1000|1000|500|15000|3500|15000|30000|2000|11000|25000|23000|85000|75000|30000|45000|35000|85000|80000|15000|12000|135000|280000|180000|200000|65000|75000|200000|130000|125000|100000|135000|275000|85000|35000|135000|25000|35000|180000|165000|75000|15000|85000|9000|170000|25000|180000|55000|275000|175000|110000|15000|80000|130000|400000|150000|45000|70000|45000|65000|135000|150000|45000|7000|5000|110000|45000|100000|75000|170000|120000|85000|2000|2000|65000|80000|580000|900000|420000|3500|3000|85000|35000|25000|30000|17000|25000|18000|5000|35000|75000|2500|2000|2500|3000|1500|2500|11500|3000|7000|8500|6000|10500|1500|2000|28000|27500|5000|4500|3000|3500|2500|2500|2500|1500|8000|15000|11000|15000|10000|12000|12000|16000|3500|4000|3500|4500|7000|15000|8000|15000|15000|30000|25000|35000|8000|15000|18000|5000|3000|12000|14000|3000|3000|45000|75000|2000|2000|2000|1000|80000|110000|120000|125000|5000|3500|250|6200000|5000000|450000|85000|400000|1500000|1450000|15000|1500000|450000|120000|800000|1700000|1200000|25000|650000|75000|1500000|90000|280000|170000|250000|230000|200000|280000|95000|20000|60000|60000|60000
20000|6000|7000|8000|3000|25000|10000|415|1352|8000|18000|180000|20000|10000|8000|25000|5000|50000|7000|2500|2000|2200000|1500000|42000|330000|3000|7000|22000|25000|8000|1500000|75000|20000|20000|65000|10000|8000|15000|25000|4000|6000|8000|38000|18000|320000|75000|170000|320000|400000|2500000|40000|300000|2000000|1500000|35000|700000|280000|300000|280000|300000|350000|750000|280000|250000|150000|800000|320000|2200000|20000|80000|200000|33000|20000|20000|6000|4500|1000|1000|500|15000|3500|15000|30000|2000|11000|25000|23000|85000|75000|30000|45000|35000|85000|80000|15000|12000|135000|280000|180000|200000|65000|75000|200000|130000|125000|100000|135000|275000|85000|35000|135000|25000|35000|180000|165000|75000|15000|85000|9000|170000|25000|180000|55000|275000|175000|110000|15000|80000|130000|400000|150000|45000|70000|45000|65000|135000|150000|45000|7000|5000|110000|45000|100000|75000|170000|120000|85000|2000|2000|65000|80000|580000|900000|420000|3500|3000|85000|35000|25000|30000|17000|25000|18000|5000|35000|75000|2500|2000|2500|3000|1500|2500|11500|3000|7000|8500|6000|10500|1500|2000|28000|27500|5000|4500|3000|3500|2500|2500|2500|1500|8000|15000|11000|15000|10000|12000|12000|16000|3500|4000|3500|4500|7000|15000|8000|15000|15000|30000|25000|35000|8000|15000|18000|5000|3000|12000|14000|3000|3000|45000|75000|2500|2000|3000|2000|80000|110000|120000|130000|5000|3500|250|6200000|5000000|450000|85000|400000|1500000|1450000|15000|1500000|450000|120000|800000|1700000|1200000|25000|650000|75000|1500000|90000|280000|170000|250000|230000|200000|280000|95000|20000|60000|60000|60000
23000|6000|7000|8000|3000|25000|10000|415|1352|8000|18000|180000|20000|10000|8000|25000|5000|50000|7000|2500|2000|2200000|1500000|45000|350000|3500|8500|25000|28000|10000|1800000|80000|20000|22000|70000|12000|10000|17000|28000|4000|6000|8500|40000|20000|350000|75000|185000|325000|410000|2500000|40000|325000|2200000|1700000|40000|700000|280000|300000|280000|300000|350000|750000|280000|250000|150000|800000|320000|2500000|20000|85000|200000|33000|20000|20000|6000|4500|1000|1000|500|15000|3500|15000|30000|2000|11000|25000|23000|85000|75000|30000|45000|35000|85000|80000|15000|12000|135000|280000|180000|200000|65000|75000|200000|130000|125000|100000|135000|275000|85000|35000|135000|25000|35000|180000|165000|75000|15000|85000|9000|170000|25000|180000|55000|275000|175000|110000|15000|80000|130000|400000|150000|45000|75000|45000|70000|135000|150000|50000|7000|6000|125000|55000|100000|75000|170000|120000|85000|2000|2000|65000|80000|580000|900000|420000|3500|3000|85000|35000|25000|30000|17000|25000|18000|5000|35000|85000|2500|2000|2500|3000|1500|2500|11500|3000|7000|8500|6000|10500|1500|2000|28000|27500|5000|4500|4000|4500|3000|3000|2500|1500|9000|15000|12000|15000|10000|12000|12000|16000|3500|4000|3500|4500|7000|15000|8000|15000|15000|30000|25000|35000|8000|15000|18000|5000|3000|12000|14000|3000|3000|45000|75000|2500|2000|3000|2000|80000|110000|135000|130000|5000|3500|250|6200000|5000000|450000|85000|400000|1500000|1450000|20000|1500000|500000|125000|800000|1800000|1300000|30000|700000|75000|1500000|90000|280000|170000|250000|230000|200000|280000|95000|20000|60000|60000|60000

AA001006|AA003002|AA004001|AA007001|AA008002|AA008003|AA011001|AA012001|AA013003|AA014002|AA014003|AA014004|AA017001|AA702001|AB001002|AB007001|AB007002|AB011001|AB012001|AB013001|AB014001|AB018001|AB019001|AB020001|AB022001|AB023001|AB701002|AC001001|AC002001|AC004001|AC005001|AC006001|AC007001|AC008001|AC009001|AC011001|AC013001|AC013002|AC015001|AC018001|AC022001|AC023001|AC026001|AC035001|AC701001|AC703001|AC704001|AC708001|AD003001|AD005001|AD007001|AD008001|AE015001|AE019001|AE021001|AE024001|AE026001|AF006001|AF006002|AF007001|AF007002|AF008001|AF008002|AF009001|AF011001|AF011002|AF012001|AF012002|AF014001|AF703001|AF703002|AG002005|AG003001|AG004001|AG005001|AG007001|AH001001|AH002001|AH003001|AH004001|AH005001|AH005002|AH008001|AH010001|AH013001|AH016001|AH017001|AH018001|AH019001|AH020001|AH024001|AH026001|AH030001|AH031001|AH034001|AH701001|AH702003|AH707001|AI001001|AI001002|AI001003|AI002003|AI003001|AI003002|AI003003|AI003004|AI003005|AI004001|AI004003|AI005002|AI006001|AI007001|AI008001|AI009001|AI010001|AI013002|AI014002|AI015003|AI016001|AI017001|AI017002|AI018001|AI019001|AI020001|AI021001|AI702001|AJ001002|AJ002001|AJ003002|AJ005001|AJ007001|AJ007002|AK001001|AK001002|AK002001|AK003001|AK008001|AK008002|AK011001|AK012001|AK013001|AK014001|AK015001|AK016001|AK016002|AK017001|AK018001|AK019001|AK020001|AK021001|AK021002|AK022001|AK023001|AK024001|AK024002|AK025001|AK025002|AK026001|AK027001|AK701001|AK703002|AK704001|AK706001|AL001001|AL001002|AL001003|AL003002|AP001001|AP002001|AP003001|AP003002|AP004001|AP005001|AP010001|AP011001|AP012001|AP013001|AP019001|AP020001|AP021001|AP021002|AP022001|AP022002|AP023001|AP023002|AP024001|AP024002|AP706001|AP706002|AP708001|AP708002|AP709001|AP709002|AP713001|AP714001|AP714002|AP714003|AQ001001|AQ001002|AQ008001|AQ009001|AQ011002|AQ011005|AQ011006|AQ012002|AQ013001|AQ013002|AQ016001|AQ017001|AQ705001|AQ706001|AQ709002|AQ709003|AQ710003|AQ711001|AQ711002|AR001002|AR002001|AR002002|AR003001|AR003002|AR003003
10000|16000|5500|10000|9000|8000|9500|10000|18000|2500|2500|2500|15000|1000|110000|55000|45000|75000|65000|42000|35000|5000|5000|10000|20000|30000|45000|38000|65000|30000|30000|30000|12000|35000|28000|35000|8000|12000|45000|28000|60000|100000|22000|25000|22000|8000|35000|45000|30000|18000|35000|45000|65000|50000|70000|400000|35000|4500|4500|55000|36000|15000|18000|12000|2500|3500|5000|25000|19000|10000|10000|15000|10000|10000|10000|3000|3500|4000|10000|5000|15000|13000|6000|12000|3000|15000|9000|8000|10000|15000|15000|15000|6000|3000|4000|8000|25000|15000|20000|15000|5000|6000|18000|22000|15000|13000|15000|28000|15000|15000|16000|3500|50000|25000|15000|10000|20000|35000|10000|7000|6000|65000|12000|18000|43000|5000|25000|20000|12000|16000|15000|20000|28000|18000|20000|10000|5000|5000|3000|5000|17000|4000|7000|2000|2000|9000|1000|5000|15000|40000|38000|60000|3500|6000|6000|6000|6000|4500|1500|2500|2000|17000|70000|16000|25000|35000|2000|10000|5000|17500|19000|2000|500|5000|8000|8000|10000|5000|3000|10000|10000|12000|20000|10000|10000|10000|10000|10000|15000|5000|5000|10000|10000|10000|10000|10000|5000|14000|13000|3000|2500|3000|8000|3000|6000|25000|28000|3000|8500|8000|4000|2000|13500|1500|5000|3000|31000|13000|17000|20000|19000|24500
10000|16000|5500|10000|9000|8000|9500|10000|18000|2500|2500|2500|15000|1000|110000|50000|45000|75000|65000|42000|35000|5000|5000|10000|20000|30000|45000|35000|60000|25000|25000|25000|15000|30000|25000|30000|10000|10000|40000|25000|50000|80000|25000|20000|15000|12000|27000|45000|25000|20000|35000|40000|65000|50000|70000|400000|35000|4500|4500|55000|36000|15000|18000|12000|2500|3500|5000|25000|19000|10000|10000|20000|10000|10000|10000|3000|3500|4000|10000|5000|16000|13000|7000|12000|3000|17000|9000|10000|8000|15000|12000|18000|8000|3500|5000|10000|30000|20000|25000|15000|7000|8000|20000|20000|14000|15000|18000|25000|20000|10000|20000|4000|60000|28000|13000|12000|23000|40000|12000|8000|7000|70000|15000|20000|40000|10000|25000|20000|12000|16000|15000|20000|30000|20000|21000|12000|5000|5000|3000|5000|17000|4000|7000|2000|2000|9500|1000|6000|15000|35000|35000|40000|3500|6000|6000|6000|6000|3000|15000|2500|2000|17000|65000|16000|25000|35000|2000|10000|5000|17500|19000|2000|500|5000|8000|8000|10000|5000|3000|10000|10000|12000|20000|10000|10000|10000|10000|10000|15000|5000|5000|10000|10000|10000|10000|10000|5000|14000|13000|3000|2500|3000|8000|3000|6000|25000|28000|3000|8500|8000|4000|2000|13500|1500|5000|3000|31000|13000|17000|20000|19000|24500
10000|16000|5500|10000|9000|8000|9500|10000|18000|2500|2500|2500|15000|1000|110000|55000|50000|65000|55000|42000|35000|5000|5000|10000|20000|30000|45000|35000|60000|30000|25000|30000|15000|35000|28000|30000|15000|15000|35000|25000|65000|100000|20000|22000|20000|12000|30000|35000|20000|23000|30000|35000|65000|55000|75000|420000|40000|4500|4500|55000|36000|15000|18000|12000|2500|3500|7000|33000|19000|10000|10000|20000|10000|10000|10000|3000|3500|4000|10000|5000|16000|13000|8000|15000|3000|18000|8000|10000|10000|15000|14000|18000|7000|3500|6000|10000|30000|18000|25000|15000|6000|9000|20000|20000|15000|15000|18000|25000|20000|12000|18000|4000|55000|30000|15000|15000|20000|40000|12000|8000|7000|75000|15000|22000|40000|10000|25000|20000|12000|16000|15000|20000|30000|20000|21000|12000|5000|5000|3000|5000|17000|4000|7000|2000|2000|9500|1000|6000|15000|35000|35000|40000|3500|6000|6000|6000|6000|3500|15000|3000|2000|17000|65000|20000|30000|35000|2000|10000|5000|17500|19000|2000|500|5000|8000|8000|10000|5000|3000|10000|10000|12000|20000|10000|10000|10000|10000|10000|15000|5000|5000|10000|10000|10000|10000|10000|5000|14000|13000|3000|2500|3000|8000|3000|6000|25000|28000|3000|8500|8000|4000|2000|13500|1500|5000|3000|31000|13000|17000|20000|19000|24500
12000|16000|6000|10000|11000|9000|9500|12000|18000|3000|3000|3000|15000|1000|120000|60000|50000|70000|60000|45000|35000|5000|5000|10000|22000|35000|45000|35000|50000|20000|25000|35000|12000|25000|25000|20000|10000|10000|30000|22000|65000|110000|15000|20000|18000|10000|35000|35000|25000|28000|35000|40000|80000|40000|80000|350000|35000|4500|4500|55000|36000|17000|16000|12000|2000|3500|7000|30000|23000|12000|12000|25000|10000|10000|8000|3500|3000|2000|4000|6000|15000|13000|4000|7000|3500|12000|9000|10000|8000|15000|6000|20000|8000|12000|6000|12000|30000|15000|35000|40000|15000|8000|23000|23000|20000|20000|25000|30000|25000|25000|20000|5000|70000|25000|14000|13000|24000|50000|18000|9000|9000|80000|20000|23000|60000|15000|29000|12500|12000|18000|15000|20000|27000|20000|30000|12000|5000|5000|5000|5000|18000|4000|7500|3000|3000|12000|1000|7000|18000|40000|35000|60000|3500|6000|6000|6000|6000|4000|15000|4000|2000|18000|65000|25000|35000|45000|2000|10000|5000|18000|19000|2000|500|5000|8000|8000|10000|5000|3000|10000|15000|15000|30000|10000|10000|10000|10000|10000|15000|5000|5000|12000|10000|10000|10000|10000|5000|15000|14000|3000|2500|3500|8000|3500|6000|25000|28000|3000|8500|10000|4000|2000|13500|1500|5000|3000|31000|13000|17000|20000|19000|24500
13000|17000|6000|10000|11000|9000|9500|12000|18000|3000|3000|3000|15000|1000|130000|55000|60000|75000|55000|40000|35000|5000|5000|10000|22000|30000|45000|35000|40000|20000|25000|40000|10000|35000|35000|25000|12000|12000|35000|25000|45000|120000|12000|18000|20000|10000|25000|30000|30000|25000|25000|40000|80000|40000|80000|350000|35000|4500|4500|55000|36000|17000|16000|12000|2500|3500|7000|34000|25000|12000|12000|25000|10000|10000|10000|3500|3000|3000|5000|5000|16000|10000|5000|5000|4000|10000|9000|10000|10000|18000|7000|15000|15000|15000|6000|16000|35000|15000|35000|35000|18000|8000|23000|23000|20000|20000|25000|35000|25000|25000|20000|4000|75000|20000|15000|15000|24000|50000|20000|9000|9000|80000|25000|25000|60000|15000|30000|13000|12000|18000|15000|20000|25000|20000|26000|12000|5000|5000|4500|5000|19000|4000|7500|3500|3500|12000|1000|8000|16000|25000|15000|30000|3500|6000|6000|6000|6000|4000|15000|5000|3500|18000|45000|25000|35000|45000|2000|12000|5000|18000|19000|3000|500|5000|10000|8000|10000|5000|4000|12000|15000|15000|30000|10000|10000|10000|10000|12000|15000|5000|5000|15000|10000|10000|10000|10000|5000|16000|14000|3000|2500|3500|8000|3500|6000|20000|23000|3000|8500|10000|4000|2000|13500|1500|5000|3000|31000|13000|17000|20000|19000|24500
13000|17000|6000|10000|11000|9000|9500|12000|18000|3000|3000|3000|15000|1000|120000|50000|60000|65000|50000|55000|40000|5000|5000|10000|22000|40000|45000|25000|40000|20000|25000|40000|10000|35000|25000|22000|12000|12000|35000|20000|45000|150000|12000|18000|20000|10000|25000|25000|35000|30000|30000|40000|75000|45000|80000|350000|35000|4500|4500|55000|36000|17000|16000|12000|2500|3500|8000|35000|25500|12000|12000|24000|10000|10000|10000|3500|3000|3000|5000|5000|18000|10000|5000|12000|4000|8000|9000|10000|12000|18000|8000|18000|15000|15000|6000|16000|35000|15000|30000|40000|12000|8000|20000|20000|18000|20000|23000|35000|25000|25000|20000|4000|60000|30000|15000|12000|23000|35000|20000|9000|9000|80000|25000|30000|60000|15000|30000|13000|12000|18000|15000|20000|35000|20000|30000|12000|5000|5000|4500|5000|19000|4000|7500|3500|3500|12000|1000|8000|15000|20000|15000|22000|3500|7000|7000|7000|7000|5000|15000|5000|3500|18000|40000|25000|35000|45000|2000|12000|5000|18000|19000|3000|500|5000|10000|8000|10000|5000|4000|12000|15000|15000|30000|15000|15000|12000|12000|12000|15000|5000|5000|15000|12000|10000|10000|10000|7000|16000|14000|3000|2500|3500|8000|3500|6000|20000|23000|3000|8500|10000|4000|2000|13500|1500|5000|3000|33000|15000|18000|21000|20000|25000
15000|17000|6000|10000|11000|9000|10000|14000|18000|3000|3000|3000|15000|1000|120000|55000|65000|70000|55000|60000|40000|5000|5000|10000|22000|45000|45000|35000|50000|20000|25000|45000|12000|35000|25000|25000|12000|12000|38000|25000|50000|100000|15000|20000|23000|12000|30000|30000|35000|25000|25000|45000|80000|50000|85000|380000|40000|4500|4500|55000|36000|17000|16000|12000|3000|4000|8000|33000|29000|12000|12000|24000|10000|10000|10000|3500|3000|3000|12000|5000|12000|10000|5000|17000|5000|3000|8000|12000|8000|20000|15000|40000|12000|15000|6000|16000|40000|15000|35000|40000|10000|7000|20000|20000|18000|25000|25000|35000|28000|13000|20000|7000|75000|30000|30000|12000|35000|35000|13000|9000|8000|65000|22000|32000|55000|20000|30000|15000|15000|20000|15000|20000|52000|35000|16000|12000|5000|5000|4000|4000|17000|3500|8000|3500|3500|12000|1000|5000|12000|65000|65000|110000|3500|7000|7000|7000|7000|7000|20000|4000|3500|18000|60000|25000|40000|45000|2000|12000|5000|18000|19000|3000|500|8000|10000|8000|10000|5000|5000|12000|15000|15000|30000|15000|15000|12000|12000|12000|15000|5000|5000|15000|12000|10000|10000|10000|7000|16000|14000|3000|2500|3500|8000|3500|6000|20000|23000|3000|8500|10000|4000|2000|14000|1500|5000|3000|34000|15000|18500|21000|20000|25500

IB001003|JA201002|JB001002|JB004001|JB006001|JB014001|JB101003|JB103002|JB105001|JF002001|KA301101|KA301102|KA911101|KA911102|KA921101|KA921102
4800000|45000|2500|2000|3000|1000|160000|68000|110000|2500|100000|100000|100000|100000|100000|100000
5200000|47000|2500|2000|3000|1000|160000|70000|110000|2500|100000|100000|100000|100000|100000|100000
4800000|47000|2500|2000|3000|1000|160000|70000|110000|2500|100000|100000|100000|100000|100000|100000
4800000|50000|2500|2000|3000|1000|160000|70000|120000|2500|100000|120000|120000|100000|120000|120000
4800000|50000|2500|2000|3000|1000|160000|70000|100000|2500|100000|120000|100000|120000|110000|100000
5000000|50000|2500|2000|3000|1000|160000|70000|100000|2500|120000|120000|90000|90000|100000|120000
5000000|50000|2500|2000|3000|1000|160000|70000|120000|2500|110000|90000|90000|90000|100000|100000

XA008001|XA015001|XA028001|YB001001|YB006001|YB601002|YB604001|YB101003|YB106002
3000000|500000|3000000|2500|13000|15000|1000|17000|25000
3500000|500000|3000000|2500|13000|15000|1000|17000|25000
3500000|400000|3500000|2500|13000|15000|1000|17000|25000
3500000|400000|3500000|2500|13000|15000|1000|17000|25000
3500000|450000|3400000|2500|13000|15000|1000|17000|25000
4000000|500000|3000000|2500|13000|15000|1000|17000|25000
5000000|500000|3000000|2500|13000|15000|1000|17000|25000

IA001001|IA002001|IA003001|JA101004|JA001002|JB004001|JB006001|JB014001|JC007001|JC011001|JF002001|KA101101|KA201101|KA301101|KA301102|KA911101|KA911102|KA921101
4500000|4200000|3500000|70000|2500|2000|3000|1000|150000|100000|2500|100000|100000|100000|100000|100000|100000|100000
4800000|4500000|3800000|70000|2500|2000|3000|1000|150000|100000|2500|100000|100000|100000|100000|100000|100000|100000
4800000|4700000|4000000|70000|2500|2000|3000|1000|150000|100000|2500|100000|100000|100000|100000|100000|100000|100000
5000000|4800000|4500000|70000|2500|2000|3000|1000|150000|100000|2500|100000|120000|120000|120000|120000|100000|120000
5000000|4800000|4500000|70000|2500|2000|3000|1000|150000|100000|2500|100000|120000|120000|100000|120000|120000|110000
5000000|4800000|4500000|70000|2500|2000|3000|1000|150000|100000|2500|100000|120000|90000|90000|100000|100000|120000
5000000|4800000|4500000|70000|2500|2000|3000|1000|150000|100000|2500|100000|100000|90000|90000|120000|100000|120000

XA007001|XA008001|XA015001|YA101001|YA101002|YA101003|YA117001|YB001001|YB001002|YB006001|YB601002|YB604001|YB101003|YB106002
2000000|3000000|300000|2500|2000|3000|1000|2500|2500|13000|15000|1000|170000|25000
2500000|3500000|300000|2500|2000|3000|3000|2500|2500|13000|15000|1000|170000|25000
2500000|3500000|350000|2500|2000|3000|3000|2500|2500|13000|15000|1000|170000|25000
3000000|4000000|400000|2500|2000|3000|3000|2500|2500|13000|15000|1000|170000|25000
3000000|4500000|450000|2500|2000|3000|3000|2500|2500|13000|15000|1000|170000|25000
3500000|4500000|500000|2500|2000|3000|3000|2500|2500|13000|15000|1000|170000|25000
4000000|4700000|500000|2500|2000|3000|3000|2500|2500|13000|15000|1000|170000|25000

IA001001|IA002001|IA003001|JA101004|JA201002|JB001002|JB004001|JB006001|JB014001|JB101003|JB103002|JC007001|JC011001|JF002001|KA101101|KA201101|KA301101|KA301102|KA911101
4500000|4200000|3500000|70000|47000|2500|2000|3000|1000|160000|68000|150000|100000|2500|100000|100000|100000|100000|100000
4800000|4500000|3800000|70000|47000|2500|2000|3000|1000|160000|70000|150000|100000|2500|100000|100000|100000|100000|100000
4800000|4700000|4000000|70000|47000|2500|2000|3000|1000|160000|70000|150000|100000|2500|100000|100000|100000|100000|100000
5000000|4800000|4500000|70000|50000|2500|2000|3000|1000|150000|70000|140000|100000|2500|120000|90000|100000|90000|120000
5000000|4800000|4500000|70000|50000|2500|2000|3000|1000|150000|70000|140000|100000|2500|120000|90000|120000|90000|120000
4900000|4800000|4500000|70000|50000|2500|2000|3000|1000|150000|70000|150000|100000|2500|100000|100000|110000|100000|100000
5000000|4800000|4500000|70000|50000|2500|2000|3000|1000|150000|70000|150000|100000|2500|120000|90000|120000|120000|100000

XA007001|XA008001|XA015001|YA101001|YA101002|YA101003|YA117001|YB001001|YB006001|YB601002|YB604001|YB101003|YB106002
2000000|3000000|150000|2500|2000|3000|3000|2500|13000|15000|1000|170000|25000
2500000|3500000|300000|2500|2000|3000|3000|2500|13000|15000|1000|170000|25000
2400000|3550000|300000|2500|2000|3000|3000|2500|13000|15000|1000|170000|25000
3000000|4000000|450000|2500|2000|3000|3000|2500|13000|15000|1000|170000|25000
3500000|4500000|500000|2500|2000|3000|3000|2500|13000|15000|1000|170000|25000
3500000|4500000|500000|2500|2000|3000|3000|2500|13000|15000|1000|170000|25000
4000000|4700000|500000|2500|2000|3000|3000|2500|13000|15000|1000|170000|25000

AA001001|AA001006|AA003002|AA004001|AA006001|AA007001|AA008002|AA011001|AA013001|AA014001|AA014002|AA014003|AA014004|AA016001|AF013001|AF014001|AF703001|AF703002|AG002002|AG002003|AG007001|AK013001|AK024001|AK024002|AK025001|AK025002|AL003001|AP001001|AQ009001|AQ009006|AR001002|AR002001|AR002002|AR002003|AR003001|AR003002|AR003003|BB009002|BD005001|BD009001|DB001001|DB002001|DB002002|DB002003|DB003001|DB004001|DB004002|DB004003|DB010001|DC001001|DC001002|DC002001|DC002002|DC002003|DC011001
10500|10500|18000|8000|8000|9500|10000|8500|6500|3000|3000|3000|3000|6500|2000|15000|13000|13000|18000|19000|2000|24000|6500|6500|6500|6500|4000|8500|5000|4000|31000|13000|18000|19000|20000|20000|26000|18000|500|5000|3500|3500|3500|3500|2000|3500|3500|3500|2000|5000|5000|3000|3000|2500|12000
10500|10500|18000|8500|8000|9500|10000|8500|6500|3000|3000|3000|3000|6500|2000|15000|13000|13000|18000|3500|2000|24000|6500|6500|6500|6500|4000|8500|5000|4000|33000|13000|18000|19000|20000|20000|26000|18000|500|5000|3500|3500|3500|3500|2000|3500|3500|3500|2000|5000|5000|3000|3000|2500|12000
10500|10000|18000|8500|8000|9500|10000|8500|6500|3000|3000|3000|3000|7000|2000|24000|12000|12000|18000|20000|3000|18000|6500|6500|6500|6500|4000|8500|5000|4000|33000|13000|19000|20000|21000|21000|26000|18000|500|5000|3500|3500|3500|3500|2000|3500|3500|3500|2000|5000|5000|3000|3000|2500|12000
10500|10000|18000|8500|8000|9500|10000|8500|6500|3000|3000|3000|3000|6500|2000|24000|13000|13000|18000|20000|3000|18000|6500|6500|6500|6500|4000|8500|5000|4000|33000|13000|19000|20000|21000|21000|26000|18000|500|3500|4000|3500|3500|3500|2000|4000|4000|4000|2000|5000|5000|3000|3500|3000|9000
10500|10500|18000|8000|8000|9500|10000|8500|6500|3000|3000|3000|3000|6500|2000|26000|13000|13000|17000|20000|4000|19000|6500|6500|6000|6000|3000|8500|5000|4000|34000|13000|19000|21000|21000|21000|27000|18000|500|3500|4000|4000|3500|3500|2000|4000|4000|4000|2000|5000|5000|4000|3500|3000|12000
10500|10000|17000|8000|8000|10000|10000|8500|6500|3000|3500|3000|3000|7500|2000|26000|13000|13000|17000|20000|4000|19000|6500|6500|6000|6000|3000|8500|5000|4000|35000|13000|19000|21000|21000|21000|27000|18000|500|3500|4000|4000|4000|4000|2000|4000|4000|4000|2000|5000|5000|4000|3500|3000|9000
10000|10000|17000|9500|10000|10000|10000|8500|6500|3500|3500|3500|3500|6500|2000|30000|12000|12000|17000|15000|4000|19000|6500|6500|6000|6000|3000|8500|5000|4000|35000|13000|19000|21000|21000|21000|27000|18000|500|3500|3500|4000|4000|4000|2000|4000|4000|4000|2000|5000|5000|4000|3500|3000|9000

AI001004|AI002001|AI003005|AI009001|AI013002|AI014002|AI015004|AI017001|AI101801|AI020001|AI702001
12000|6000|18000|20000|10000|20000|35000|6000|75000|20000|10000
12000|6000|18000|26000|10000|20000|30000|7000|75000|20000|10000
12000|6000|18000|26000|10000|20000|30000|7000|75000|20000|10000
12000|7000|19000|20000|10000|20000|30000|7000|70000|20000|10000
12000|7000|18000|23000|10000|20000|30000|7000|70000|25000|17000
12000|7000|18000|20000|12000|25000|30000|10000|65000|28000|20000
12000|7000|18000|20000|10000|35000|28000|9000|50000|30000|16000

BA002001|BA005004|BA007001|BA009001|BA013001|BA014001|BA014002|BA016004|BA017004|BA018003|BA021002|BA024001|BA024002|BA030002|BA032002|BA034001|BA705001|BA706003|BA709007|BA711001|BA712001
190000|66000|30000|750|300000|52000|48000|65000|110000|77000|21000|52000|75000|45000|100000|70000|20000|700000|160000|3000|15000
190000|66000|30000|750|300000|52000|48000|65000|110000|77000|21000|52000|75000|45000|100000|70000|20000|700000|160000|3000|15000
190000|66000|30000|750|300000|52000|48000|65000|110000|77000|21000|52000|75000|45000|100000|70000|20000|700000|160000|3000|15000
140000|88000|30000|750|330000|52000|48000|65000|145000|75000|20000|53000|75000|50000|240000|55000|20000|800000|160000|3000|25000
144000|110000|30000|750|340000|54000|52000|65000|145000|75000|22000|55000|78000|50000|240000|55000|20000|1150000|110000|3000|35000
153000|108000|30000|1000|330000|55000|50000|65000|165000|77000|22000|55000|78000|50000|230000|43000|20000|1150000|110000|3000|35000
153000|108000|30000|1000|330000|55000|50000|65000|165000|77000|22000|55000|78000|50000|230000|43000|20000|1150000|110000|3000|35000
















